26 225
1 2
1 4
1 8
1 9
1 10
1 11
1 12
1 13
1 17
1 18
1 20
1 22
1 23
1 24
2 3
2 5
2 6
2 7
2 8
2 9
2 10
2 11
2 13
2 14
2 15
2 16
2 17
2 18
2 20
2 21
2 22
2 23
2 24
2 25
2 26
3 4
3 5
3 6
3 7
3 9
3 11
3 12
3 13
3 16
3 18
3 19
3 20
3 21
3 22
3 25
3 26
4 5
4 6
4 7
4 9
4 10
4 12
4 13
4 14
4 15
4 16
4 17
4 18
4 19
4 20
4 22
4 24
4 25
4 26
5 6
5 8
5 9
5 10
5 11
5 12
5 14
5 15
5 16
5 17
5 19
5 20
5 21
5 22
5 23
5 26
6 7
6 8
6 9
6 10
6 11
6 12
6 14
6 15
6 18
6 19
6 22
6 23
6 24
6 25
6 26
7 9
7 10
7 11
7 12
7 13
7 14
7 16
7 17
7 18
7 22
7 23
7 25
7 26
8 9
8 11
8 12
8 16
8 18
8 20
8 22
8 23
8 26
9 10
9 12
9 13
9 14
9 15
9 16
9 17
9 18
9 19
9 20
9 21
9 22
9 25
9 26
10 11
10 15
10 16
10 18
10 20
10 21
10 22
10 23
10 24
10 25
10 26
11 12
11 13
11 14
11 17
11 18
11 21
11 26
12 14
12 15
12 16
12 17
12 18
12 19
12 20
12 22
12 23
12 24
12 25
13 14
13 15
13 16
13 17
13 19
13 20
13 22
14 16
14 17
14 18
14 19
14 20
14 21
14 22
14 23
14 26
15 16
15 17
15 18
15 19
15 21
15 22
15 26
16 17
16 18
16 19
16 20
16 21
16 23
16 24
17 19
17 20
17 23
17 25
18 20
18 22
18 23
18 24
18 26
19 20
19 21
19 22
19 23
19 24
19 25
19 26
20 21
20 22
20 24
20 25
21 22
21 23
21 24
21 25
22 23
22 24
23 25
23 26
24 25
24 26
