31 326
1 3
1 4
1 5
1 6
1 7
1 8
1 9
1 10
1 11
1 12
1 15
1 16
1 17
1 18
1 20
1 22
1 23
1 27
1 29
2 3
2 4
2 5
2 6
2 7
2 8
2 9
2 10
2 12
2 13
2 14
2 15
2 16
2 17
2 18
2 19
2 21
2 28
2 29
2 30
2 31
3 5
3 6
3 9
3 10
3 11
3 12
3 13
3 15
3 16
3 17
3 18
3 19
3 20
3 23
3 25
3 26
3 28
3 29
3 30
4 5
4 6
4 9
4 10
4 11
4 12
4 13
4 14
4 16
4 17
4 20
4 21
4 22
4 23
4 24
4 25
5 6
5 7
5 10
5 11
5 13
5 14
5 17
5 19
5 20
5 22
5 23
5 24
5 25
5 28
5 29
5 30
5 31
6 7
6 9
6 10
6 11
6 12
6 13
6 14
6 15
6 16
6 17
6 18
6 20
6 21
6 22
6 23
6 24
6 25
6 29
6 30
6 31
7 8
7 9
7 11
7 12
7 14
7 17
7 18
7 19
7 20
7 21
7 23
7 25
7 28
7 29
7 30
8 9
8 10
8 14
8 15
8 16
8 17
8 18
8 21
8 22
8 23
8 25
8 26
8 27
8 28
8 29
8 31
9 10
9 12
9 13
9 14
9 16
9 18
9 19
9 20
9 23
9 24
9 25
9 28
9 29
9 30
10 12
10 13
10 14
10 15
10 16
10 19
10 20
10 21
10 24
10 25
10 26
10 28
10 29
10 30
11 12
11 13
11 15
11 18
11 20
11 21
11 22
11 23
11 25
11 27
11 28
11 30
11 31
12 13
12 14
12 15
12 16
12 17
12 19
12 20
12 21
12 22
12 24
12 25
12 26
12 27
12 28
12 29
13 14
13 15
13 16
13 17
13 18
13 21
13 22
13 23
13 25
13 26
13 27
13 30
13 31
14 15
14 16
14 17
14 18
14 19
14 20
14 22
14 24
14 25
14 28
14 29
14 30
14 31
15 16
15 17
15 18
15 19
15 20
15 21
15 23
15 25
15 26
15 27
15 28
15 31
16 17
16 18
16 19
16 20
16 22
16 23
16 25
16 27
16 28
16 29
16 31
17 19
17 20
17 21
17 23
17 24
17 27
17 28
17 29
17 31
18 19
18 20
18 22
18 23
18 24
18 25
18 26
18 27
18 28
18 29
18 30
18 31
19 22
19 23
19 24
19 27
19 28
19 29
19 30
19 31
20 21
20 22
20 23
20 24
20 25
20 26
20 27
20 28
20 29
20 30
20 31
21 22
21 23
21 24
21 25
21 27
21 28
21 30
21 31
22 23
22 26
22 28
22 29
22 30
22 31
23 24
23 25
23 26
23 27
23 28
23 29
23 30
23 31
24 26
24 29
24 30
25 28
25 29
25 30
25 31
26 28
26 30
26 31
27 31
28 29
28 30
28 31
29 30
29 31
