21 142
1 3
1 4
1 7
1 8
1 9
1 10
1 11
1 13
1 14
1 16
1 17
1 20
2 3
2 4
2 5
2 6
2 7
2 8
2 9
2 11
2 12
2 13
2 17
2 19
2 20
2 21
3 4
3 5
3 6
3 7
3 10
3 12
3 13
3 14
3 15
3 16
3 17
3 19
3 21
4 7
4 9
4 10
4 11
4 12
4 13
4 14
4 17
4 18
4 19
4 20
5 6
5 8
5 9
5 11
5 12
5 16
5 19
5 21
6 7
6 10
6 12
6 13
6 17
6 18
6 20
6 21
7 8
7 10
7 11
7 12
7 14
7 16
7 17
7 18
7 19
7 20
7 21
8 10
8 11
8 13
8 14
8 15
8 16
8 17
8 19
8 20
8 21
9 11
9 13
9 17
9 18
9 20
9 21
10 11
10 12
10 13
10 14
10 15
10 16
10 18
10 19
10 20
10 21
11 12
11 14
11 15
11 17
11 18
11 19
11 20
12 13
12 14
12 15
12 16
12 20
13 14
13 15
13 16
13 17
13 18
13 19
13 20
13 21
14 15
14 16
14 18
14 20
15 18
15 19
15 21
16 17
16 18
16 19
16 20
16 21
17 18
17 19
17 20
18 20
18 21
19 20
20 21
