22 150
1 2
1 3
1 4
1 5
1 6
1 7
1 8
1 9
1 10
1 11
1 13
1 15
1 17
1 19
1 20
1 21
2 3
2 4
2 5
2 7
2 8
2 9
2 10
2 11
2 13
2 14
2 15
2 16
2 17
2 18
2 21
2 22
3 5
3 6
3 8
3 9
3 11
3 12
3 15
3 16
3 19
3 20
4 6
4 10
4 11
4 13
4 14
4 15
4 16
4 17
4 20
4 21
5 7
5 8
5 10
5 11
5 13
5 15
5 16
5 17
6 7
6 8
6 9
6 12
6 14
6 16
6 17
6 19
6 21
6 22
7 9
7 10
7 12
7 17
7 18
7 20
7 21
8 9
8 10
8 11
8 12
8 13
8 14
8 15
8 16
8 17
8 18
8 19
8 20
8 21
8 22
9 10
9 11
9 13
9 14
9 18
9 19
10 11
10 12
10 13
10 14
10 17
10 20
10 21
10 22
11 12
11 13
11 14
11 15
11 16
11 17
11 18
11 19
11 22
12 13
12 17
12 18
12 21
12 22
13 14
13 15
13 16
13 18
13 19
13 20
13 21
14 19
14 21
14 22
15 18
15 19
15 20
16 17
16 18
16 20
16 21
16 22
17 18
17 19
17 20
17 21
17 22
18 20
18 21
18 22
19 20
19 21
19 22
20 22
21 22
