23 171
1 4
1 5
1 6
1 7
1 8
1 10
1 11
1 13
1 15
1 16
1 18
1 19
1 20
2 3
2 4
2 5
2 8
2 9
2 11
2 12
2 14
2 15
2 17
2 18
2 19
2 20
2 22
2 23
3 4
3 6
3 7
3 9
3 10
3 11
3 12
3 13
3 14
3 16
3 18
3 20
3 23
4 5
4 6
4 7
4 8
4 9
4 10
4 12
4 13
4 14
4 15
4 17
4 19
4 20
4 21
4 22
4 23
5 6
5 7
5 8
5 10
5 11
5 12
5 15
5 17
5 18
5 19
5 20
5 21
5 22
6 7
6 8
6 9
6 10
6 11
6 12
6 13
6 14
6 15
6 18
6 19
6 21
6 22
7 8
7 9
7 10
7 11
7 12
7 13
7 14
7 15
7 17
7 19
7 23
8 9
8 10
8 11
8 12
8 13
8 16
8 17
8 18
8 19
8 21
8 22
8 23
9 10
9 11
9 13
9 15
9 17
9 18
9 20
9 22
10 18
10 21
10 22
10 23
11 12
11 13
11 14
11 15
11 16
11 17
11 18
11 20
11 21
11 23
12 15
12 18
12 19
12 20
12 22
13 14
13 15
13 17
13 20
13 23
14 15
14 17
14 18
14 20
14 21
14 23
15 17
15 18
15 20
15 21
15 22
15 23
16 19
16 20
16 21
16 22
16 23
17 18
17 20
17 21
17 23
18 19
18 20
18 21
18 22
18 23
19 20
19 21
19 22
19 23
20 22
20 23
21 22
