23 181
1 2
1 4
1 5
1 6
1 8
1 9
1 12
1 13
1 14
1 15
1 16
1 19
1 21
1 23
2 3
2 4
2 5
2 6
2 7
2 8
2 9
2 10
2 11
2 12
2 13
2 14
2 16
2 19
2 20
2 21
3 6
3 7
3 8
3 9
3 11
3 12
3 13
3 14
3 17
3 18
3 19
3 20
3 21
3 23
4 5
4 7
4 10
4 11
4 12
4 13
4 14
4 15
4 16
4 17
4 18
4 19
4 20
4 21
4 23
5 6
5 7
5 8
5 9
5 10
5 11
5 12
5 13
5 16
5 18
5 19
5 22
5 23
6 7
6 8
6 9
6 10
6 12
6 13
6 14
6 15
6 16
6 19
6 20
6 21
6 22
7 9
7 10
7 11
7 12
7 13
7 16
7 17
7 18
7 19
7 20
7 21
7 22
7 23
8 9
8 10
8 12
8 13
8 14
8 16
8 18
8 19
8 20
8 21
9 10
9 11
9 12
9 13
9 14
9 15
9 16
9 17
9 18
9 20
9 21
9 23
10 11
10 12
10 14
10 15
10 16
10 17
10 18
10 19
10 21
10 22
10 23
11 12
11 14
11 16
11 18
11 19
11 20
11 21
11 22
12 13
12 15
12 16
12 17
12 18
12 19
12 20
12 21
13 16
13 17
13 19
13 21
14 15
14 16
14 19
14 21
15 16
15 17
15 18
15 19
15 20
15 21
15 22
15 23
16 18
16 19
16 20
16 21
16 23
17 18
17 19
17 20
17 21
17 22
18 20
18 21
18 22
19 21
19 22
19 23
20 21
21 22
