22 152
1 2
1 3
1 4
1 5
1 7
1 10
1 11
1 12
1 15
1 16
1 18
1 19
1 21
2 3
2 5
2 7
2 9
2 10
2 11
2 12
2 13
2 14
2 15
2 17
2 18
2 19
2 21
2 22
3 5
3 6
3 7
3 8
3 9
3 11
3 13
3 14
3 15
3 18
3 19
3 21
3 22
4 6
4 7
4 9
4 10
4 11
4 13
4 17
4 20
4 22
5 6
5 7
5 8
5 12
5 13
5 14
5 15
5 16
5 17
5 18
5 19
5 21
6 7
6 8
6 10
6 11
6 12
6 13
6 14
6 16
6 18
6 20
6 21
7 8
7 9
7 10
7 11
7 14
7 15
7 16
7 17
7 18
7 20
7 21
7 22
8 10
8 12
8 13
8 15
8 16
8 18
8 20
9 11
9 12
9 13
9 14
9 17
9 18
9 20
9 21
10 11
10 12
10 13
10 15
10 17
10 18
10 20
10 21
11 12
11 13
11 15
11 16
11 17
11 18
11 20
11 21
11 22
12 16
12 18
12 19
12 20
12 22
13 14
13 16
13 17
13 18
13 19
13 20
13 22
14 15
14 18
14 20
14 22
15 18
15 19
15 21
15 22
16 17
16 19
16 20
16 21
17 18
17 19
17 20
17 21
17 22
18 19
18 21
18 22
19 21
20 21
21 22
