32 329
1 2
1 3
1 4
1 5
1 8
1 9
1 10
1 11
1 12
1 13
1 14
1 15
1 17
1 18
1 20
1 21
1 22
1 23
1 24
1 25
1 28
1 29
1 31
1 32
2 3
2 4
2 5
2 6
2 7
2 10
2 12
2 15
2 16
2 17
2 18
2 19
2 22
2 24
2 25
2 26
2 28
2 29
2 30
3 4
3 5
3 7
3 8
3 9
3 10
3 11
3 12
3 13
3 15
3 16
3 17
3 18
3 19
3 20
3 21
3 23
3 24
3 25
3 26
3 28
3 29
3 31
3 32
4 5
4 6
4 9
4 10
4 11
4 14
4 16
4 18
4 19
4 22
4 26
4 27
4 28
4 29
4 30
4 31
4 32
5 6
5 7
5 8
5 10
5 11
5 12
5 13
5 14
5 15
5 16
5 17
5 18
5 19
5 22
5 23
5 24
5 25
5 26
5 28
5 29
5 30
5 32
6 7
6 9
6 10
6 12
6 13
6 14
6 15
6 16
6 17
6 18
6 20
6 23
6 25
6 26
6 27
6 28
6 29
6 30
6 32
7 9
7 10
7 11
7 12
7 14
7 15
7 17
7 18
7 19
7 20
7 21
7 24
7 25
7 27
7 29
7 31
8 10
8 13
8 16
8 17
8 19
8 22
8 26
8 27
8 28
8 29
8 30
8 31
8 32
9 11
9 12
9 14
9 17
9 18
9 20
9 22
9 23
9 24
9 25
9 27
9 28
9 29
9 30
9 31
10 11
10 12
10 15
10 16
10 17
10 18
10 20
10 22
10 23
10 26
10 27
10 30
10 31
10 32
11 12
11 15
11 18
11 19
11 20
11 22
11 23
11 25
11 27
11 28
11 29
11 31
11 32
12 13
12 14
12 16
12 17
12 18
12 21
12 22
12 23
12 24
12 25
12 27
12 29
12 30
12 31
13 14
13 15
13 16
13 17
13 20
13 22
13 23
13 24
13 25
13 26
13 27
13 29
13 30
13 32
14 15
14 17
14 18
14 21
14 22
14 23
14 26
14 27
14 28
14 29
14 32
15 18
15 19
15 22
15 24
15 25
15 26
15 27
15 28
15 29
15 30
15 31
15 32
16 17
16 18
16 19
16 20
16 23
16 25
16 27
16 30
17 19
17 20
17 21
17 25
17 26
17 28
17 29
17 30
18 19
18 20
18 22
18 23
18 24
18 25
18 27
18 28
18 31
19 20
19 21
19 24
19 26
19 28
19 29
19 30
19 31
20 21
20 22
20 24
20 27
20 29
20 31
20 32
21 22
21 23
21 24
21 26
21 27
21 29
21 30
21 31
22 23
22 24
22 26
22 27
22 28
22 30
22 32
23 25
23 27
23 28
23 30
23 31
23 32
24 25
24 26
24 28
24 30
24 31
24 32
25 27
25 29
25 31
25 32
26 28
26 29
26 30
26 32
27 28
27 29
27 30
28 32
29 31
29 32
30 32
