21 147
1 2
1 3
1 4
1 5
1 7
1 8
1 9
1 11
1 16
1 18
1 19
1 20
1 21
2 3
2 4
2 5
2 6
2 7
2 8
2 10
2 15
2 16
2 18
2 19
2 20
3 4
3 6
3 7
3 8
3 9
3 10
3 14
3 17
3 18
3 20
3 21
4 7
4 13
4 15
4 16
4 17
4 18
4 20
4 21
5 6
5 7
5 8
5 9
5 10
5 11
5 14
5 15
5 16
5 17
5 18
5 21
6 7
6 9
6 11
6 12
6 13
6 14
6 15
6 16
6 17
6 18
6 20
6 21
7 8
7 9
7 12
7 13
7 14
7 15
7 16
7 17
7 18
7 19
7 20
8 11
8 12
8 13
8 15
8 17
8 18
8 19
8 21
9 10
9 11
9 12
9 14
9 15
9 16
9 17
9 20
9 21
10 13
10 14
10 15
10 16
10 17
10 18
10 20
11 12
11 13
11 14
11 15
11 16
11 18
11 20
11 21
12 13
12 14
12 16
12 17
12 19
12 20
12 21
13 14
13 15
13 16
13 17
13 18
13 19
13 20
13 21
14 16
14 17
14 18
14 20
14 21
15 16
15 17
15 18
15 19
15 20
16 17
16 18
16 19
16 20
16 21
17 19
17 20
17 21
18 20
19 20
19 21
