46 698
1 3
1 4
1 5
1 8
1 9
1 11
1 12
1 13
1 15
1 16
1 17
1 18
1 19
1 20
1 21
1 23
1 24
1 25
1 26
1 27
1 28
1 30
1 34
1 35
1 36
1 37
1 38
1 39
1 40
1 41
1 45
1 46
2 3
2 4
2 5
2 6
2 10
2 11
2 13
2 15
2 18
2 22
2 23
2 25
2 26
2 28
2 30
2 32
2 34
2 35
2 36
2 37
2 43
2 44
2 46
3 5
3 6
3 8
3 9
3 12
3 13
3 14
3 16
3 17
3 18
3 19
3 20
3 21
3 23
3 24
3 25
3 26
3 27
3 29
3 30
3 31
3 32
3 34
3 36
3 37
3 38
3 40
3 41
3 42
3 43
3 44
3 45
4 5
4 6
4 7
4 10
4 12
4 14
4 16
4 17
4 18
4 19
4 21
4 22
4 25
4 27
4 29
4 30
4 32
4 33
4 34
4 35
4 37
4 38
4 39
4 40
4 41
4 42
4 43
4 44
4 45
5 7
5 9
5 10
5 12
5 14
5 15
5 17
5 19
5 20
5 21
5 22
5 23
5 25
5 26
5 27
5 28
5 31
5 33
5 36
5 37
5 39
5 40
5 41
5 43
5 44
5 45
6 7
6 8
6 10
6 12
6 15
6 16
6 19
6 22
6 23
6 24
6 25
6 26
6 27
6 28
6 30
6 31
6 33
6 34
6 35
6 36
6 37
6 38
6 39
6 42
6 44
6 46
7 10
7 12
7 13
7 17
7 19
7 20
7 21
7 22
7 25
7 28
7 30
7 31
7 33
7 34
7 35
7 37
7 38
7 39
7 40
7 41
7 42
7 43
7 44
7 45
7 46
8 9
8 10
8 11
8 16
8 17
8 21
8 22
8 25
8 26
8 28
8 29
8 31
8 32
8 38
8 42
8 43
8 45
9 11
9 13
9 14
9 15
9 17
9 18
9 19
9 20
9 21
9 22
9 26
9 29
9 30
9 31
9 32
9 33
9 34
9 35
9 36
9 38
9 41
9 42
9 43
9 44
9 45
9 46
10 11
10 12
10 14
10 15
10 16
10 17
10 19
10 20
10 21
10 22
10 23
10 24
10 25
10 26
10 27
10 30
10 31
10 32
10 35
10 36
10 38
10 40
10 41
10 42
10 43
10 44
10 45
10 46
11 15
11 16
11 17
11 21
11 22
11 23
11 24
11 26
11 29
11 30
11 31
11 32
11 33
11 34
11 37
11 38
11 39
11 40
11 42
11 44
11 45
11 46
12 13
12 14
12 15
12 16
12 17
12 18
12 19
12 20
12 22
12 23
12 25
12 26
12 28
12 29
12 30
12 31
12 33
12 34
12 35
12 38
12 40
12 41
12 43
12 44
12 46
13 14
13 15
13 18
13 19
13 21
13 22
13 23
13 24
13 25
13 26
13 27
13 29
13 30
13 31
13 32
13 34
13 35
13 36
13 37
13 38
13 39
13 41
13 42
13 45
13 46
14 15
14 17
14 18
14 19
14 20
14 22
14 23
14 24
14 25
14 26
14 28
14 30
14 33
14 34
14 35
14 37
14 38
14 39
14 40
14 41
14 42
14 43
14 44
14 45
14 46
15 17
15 18
15 20
15 22
15 23
15 24
15 25
15 27
15 30
15 32
15 34
15 35
15 36
15 37
15 38
15 39
15 40
15 41
15 42
15 43
15 44
15 45
16 17
16 18
16 19
16 20
16 22
16 23
16 24
16 26
16 27
16 28
16 30
16 31
16 32
16 33
16 35
16 37
16 38
16 39
16 40
16 41
16 43
16 45
17 20
17 21
17 23
17 24
17 25
17 26
17 27
17 30
17 31
17 33
17 34
17 36
17 38
17 40
17 41
17 42
17 43
17 44
17 46
18 20
18 21
18 22
18 23
18 24
18 25
18 26
18 28
18 30
18 31
18 32
18 34
18 35
18 36
18 37
18 38
18 41
18 42
18 44
18 45
18 46
19 20
19 21
19 23
19 25
19 29
19 30
19 31
19 32
19 33
19 36
19 37
19 38
19 39
19 40
19 41
19 43
19 44
19 45
19 46
20 21
20 23
20 24
20 25
20 26
20 28
20 29
20 30
20 32
20 34
20 35
20 36
20 38
20 39
20 40
20 41
20 43
20 44
20 45
21 22
21 23
21 24
21 25
21 26
21 28
21 29
21 30
21 31
21 34
21 36
21 44
21 45
21 46
22 23
22 24
22 25
22 27
22 28
22 29
22 30
22 31
22 32
22 33
22 34
22 35
22 36
22 40
22 41
22 42
22 44
22 45
22 46
23 25
23 26
23 27
23 28
23 29
23 30
23 33
23 35
23 37
23 40
23 41
23 44
23 45
24 25
24 28
24 29
24 30
24 31
24 32
24 34
24 35
24 36
24 39
24 41
24 43
24 46
25 26
25 27
25 28
25 30
25 31
25 33
25 34
25 36
25 37
25 39
25 40
25 41
25 42
25 45
25 46
26 28
26 29
26 31
26 34
26 35
26 36
26 37
26 38
26 39
26 40
26 41
26 42
26 43
26 44
26 45
27 28
27 29
27 30
27 32
27 33
27 35
27 36
27 37
27 38
27 40
27 43
27 45
28 29
28 31
28 32
28 34
28 35
28 36
28 37
28 38
28 40
28 41
28 42
28 43
28 44
28 45
29 32
29 33
29 34
29 36
29 38
29 39
29 43
29 46
30 31
30 32
30 34
30 35
30 36
30 38
30 40
30 41
30 43
30 44
30 45
31 33
31 35
31 37
31 38
31 39
31 42
31 43
31 45
31 46
32 33
32 34
32 35
32 37
32 38
32 40
32 41
32 42
32 43
32 44
32 45
33 34
33 37
33 39
33 40
33 41
33 43
33 45
33 46
34 36
34 37
34 38
34 39
34 40
34 44
34 45
34 46
35 36
35 37
35 38
35 40
35 41
35 42
35 43
35 44
35 46
36 37
36 38
36 39
36 40
36 41
36 42
36 43
36 45
36 46
37 40
37 43
37 44
37 45
37 46
38 39
38 41
38 42
38 44
38 46
39 40
39 41
39 42
39 43
39 44
39 45
39 46
40 41
40 42
40 43
40 46
41 42
41 43
41 44
42 44
42 46
44 46
