20 130
1 6
1 7
1 8
1 10
1 13
1 15
1 16
1 17
1 18
1 20
2 3
2 5
2 7
2 8
2 11
2 13
2 15
2 18
2 20
3 4
3 5
3 6
3 7
3 8
3 9
3 11
3 12
3 13
3 14
3 15
3 18
3 20
4 6
4 8
4 10
4 11
4 12
4 13
4 14
4 15
4 17
4 18
4 19
4 20
5 6
5 7
5 8
5 11
5 12
5 13
5 14
5 15
5 17
5 18
5 19
5 20
6 7
6 13
6 14
6 15
6 16
6 17
6 18
6 19
6 20
7 9
7 10
7 11
7 14
7 15
7 16
7 18
7 19
8 9
8 10
8 11
8 12
8 13
8 14
8 15
8 19
8 20
9 11
9 15
9 16
9 17
9 18
9 19
10 11
10 12
10 13
10 14
10 16
10 17
10 18
10 19
10 20
11 12
11 13
11 14
11 15
11 17
11 18
11 20
12 15
12 16
12 18
13 14
13 15
13 16
13 17
13 18
13 19
13 20
14 16
14 17
14 18
14 20
15 16
15 17
15 18
15 19
15 20
16 17
16 19
16 20
17 18
17 20
18 20
19 20
