17 100
1 2
1 3
1 5
1 6
1 7
1 8
1 10
1 11
1 12
1 13
1 14
1 15
1 17
2 4
2 6
2 7
2 8
2 9
2 10
2 11
2 12
2 13
2 14
2 15
2 16
3 6
3 9
3 11
3 13
3 14
3 15
3 16
3 17
4 7
4 8
4 9
4 10
4 11
4 12
4 15
4 17
5 6
5 7
5 8
5 9
5 10
5 11
5 12
5 14
5 15
6 7
6 8
6 9
6 10
6 14
6 15
6 17
7 9
7 11
7 12
7 13
7 14
7 15
7 16
7 17
8 9
8 10
8 11
8 12
8 13
8 14
8 16
8 17
9 11
9 12
9 13
9 14
9 15
9 16
9 17
10 11
10 12
10 13
10 14
10 15
10 17
11 13
11 14
11 15
11 17
12 13
12 14
12 15
12 16
12 17
14 16
14 17
15 16
15 17
16 17
