24 188
1 3
1 4
1 5
1 6
1 7
1 8
1 9
1 12
1 13
1 15
1 16
1 19
1 20
1 21
1 22
1 23
2 4
2 5
2 6
2 7
2 8
2 9
2 10
2 11
2 13
2 15
2 16
2 17
2 18
2 20
2 22
2 24
3 4
3 5
3 6
3 7
3 9
3 10
3 12
3 13
3 14
3 17
3 19
3 20
3 21
3 22
3 23
4 5
4 7
4 8
4 11
4 12
4 13
4 14
4 15
4 17
4 18
4 19
4 20
4 21
4 22
5 6
5 7
5 10
5 11
5 12
5 13
5 14
5 15
5 17
5 18
5 22
5 23
5 24
6 9
6 10
6 13
6 15
6 16
6 17
6 18
6 20
6 23
6 24
7 8
7 10
7 12
7 15
7 16
7 19
7 21
7 23
7 24
8 10
8 11
8 12
8 15
8 16
8 17
8 18
8 19
8 20
8 22
8 23
9 11
9 12
9 13
9 14
9 15
9 16
9 19
9 20
9 22
9 23
9 24
10 13
10 14
10 15
10 17
10 18
10 20
10 21
10 22
10 23
10 24
11 12
11 14
11 15
11 16
11 17
11 19
11 20
11 23
11 24
12 13
12 14
12 15
12 16
12 17
12 18
12 19
12 20
12 21
12 23
12 24
13 14
13 16
13 17
13 18
13 19
13 20
13 23
14 16
14 17
14 22
14 23
14 24
15 17
15 18
15 19
15 20
15 21
15 22
16 17
16 18
16 19
16 20
16 21
17 18
17 19
17 20
17 23
17 24
18 20
18 21
18 23
18 24
19 20
19 21
19 23
19 24
20 21
20 23
20 24
21 22
21 24
22 24
23 24
