55 1009
1 2
1 5
1 6
1 8
1 10
1 11
1 12
1 13
1 15
1 16
1 18
1 19
1 20
1 23
1 25
1 26
1 27
1 30
1 32
1 37
1 38
1 41
1 45
1 46
1 47
1 48
1 49
1 50
1 51
1 54
1 55
2 4
2 5
2 6
2 7
2 8
2 9
2 10
2 12
2 13
2 14
2 17
2 19
2 20
2 21
2 22
2 23
2 24
2 25
2 26
2 27
2 28
2 29
2 30
2 31
2 32
2 33
2 34
2 35
2 37
2 39
2 40
2 41
2 43
2 44
2 45
2 46
2 47
2 48
2 49
2 51
2 52
2 53
3 4
3 5
3 7
3 10
3 12
3 13
3 14
3 15
3 18
3 19
3 21
3 22
3 23
3 24
3 25
3 31
3 32
3 33
3 34
3 38
3 39
3 40
3 43
3 44
3 45
3 46
3 48
3 49
3 51
3 52
4 5
4 6
4 7
4 9
4 11
4 15
4 16
4 18
4 19
4 20
4 21
4 22
4 23
4 24
4 26
4 28
4 30
4 31
4 32
4 34
4 36
4 37
4 38
4 40
4 41
4 42
4 44
4 45
4 46
4 47
4 49
4 50
4 51
4 52
4 53
4 55
5 6
5 7
5 11
5 12
5 14
5 17
5 20
5 21
5 22
5 24
5 25
5 27
5 31
5 32
5 33
5 36
5 41
5 43
5 47
5 48
5 50
5 52
5 53
5 55
6 7
6 8
6 9
6 11
6 12
6 13
6 14
6 15
6 16
6 17
6 18
6 19
6 24
6 27
6 28
6 31
6 33
6 35
6 38
6 40
6 41
6 42
6 44
6 45
6 47
6 48
6 49
6 50
6 51
6 52
6 53
6 54
6 55
7 8
7 9
7 10
7 12
7 13
7 15
7 16
7 18
7 19
7 20
7 21
7 22
7 26
7 27
7 28
7 30
7 31
7 33
7 35
7 36
7 37
7 38
7 39
7 42
7 43
7 44
7 45
7 46
7 48
7 49
7 52
7 54
7 55
8 11
8 14
8 15
8 16
8 18
8 19
8 20
8 22
8 25
8 28
8 29
8 30
8 31
8 32
8 34
8 35
8 36
8 38
8 39
8 40
8 41
8 43
8 44
8 46
8 47
8 50
8 51
8 54
8 55
9 10
9 13
9 14
9 15
9 16
9 17
9 18
9 20
9 21
9 22
9 23
9 24
9 26
9 27
9 28
9 29
9 30
9 32
9 33
9 34
9 35
9 36
9 37
9 38
9 39
9 43
9 44
9 45
9 46
9 47
9 48
9 50
9 51
9 52
9 54
10 16
10 19
10 21
10 22
10 23
10 25
10 26
10 27
10 28
10 29
10 31
10 32
10 35
10 36
10 37
10 39
10 40
10 41
10 42
10 43
10 44
10 46
10 47
10 49
10 50
10 52
10 53
10 55
11 12
11 13
11 14
11 15
11 17
11 18
11 19
11 21
11 22
11 24
11 25
11 27
11 28
11 34
11 35
11 36
11 39
11 40
11 41
11 42
11 44
11 45
11 46
11 47
11 48
11 50
11 52
11 54
11 55
12 14
12 15
12 16
12 17
12 18
12 20
12 23
12 24
12 25
12 26
12 28
12 30
12 31
12 32
12 34
12 35
12 36
12 37
12 38
12 39
12 40
12 41
12 42
12 43
12 45
12 46
12 47
12 48
12 49
12 50
12 52
12 53
12 54
12 55
13 15
13 17
13 19
13 20
13 23
13 24
13 25
13 26
13 27
13 28
13 29
13 30
13 31
13 32
13 35
13 37
13 39
13 41
13 42
13 44
13 45
13 47
13 48
13 49
13 50
13 51
13 52
13 53
14 15
14 16
14 19
14 21
14 22
14 24
14 26
14 27
14 29
14 30
14 33
14 34
14 35
14 36
14 37
14 39
14 40
14 41
14 42
14 43
14 45
14 46
14 48
14 49
14 50
14 52
14 53
14 54
15 16
15 17
15 18
15 20
15 22
15 23
15 24
15 25
15 26
15 27
15 28
15 29
15 30
15 31
15 32
15 33
15 34
15 39
15 40
15 43
15 44
15 45
15 46
15 51
15 52
15 53
15 54
15 55
16 20
16 22
16 24
16 26
16 27
16 28
16 30
16 33
16 34
16 35
16 36
16 37
16 38
16 39
16 42
16 45
16 46
16 47
16 49
16 50
16 51
16 52
16 53
16 54
17 19
17 20
17 23
17 24
17 25
17 26
17 28
17 30
17 31
17 32
17 33
17 34
17 36
17 37
17 39
17 40
17 42
17 43
17 45
17 48
17 49
17 50
17 52
17 54
17 55
18 19
18 22
18 23
18 24
18 27
18 28
18 30
18 32
18 33
18 35
18 36
18 37
18 38
18 40
18 41
18 42
18 43
18 46
18 47
18 49
18 50
18 51
18 52
18 54
19 20
19 21
19 23
19 24
19 26
19 27
19 30
19 31
19 33
19 35
19 36
19 37
19 38
19 40
19 41
19 42
19 43
19 45
19 46
19 50
19 51
19 54
19 55
20 21
20 23
20 24
20 26
20 27
20 28
20 30
20 31
20 33
20 34
20 35
20 38
20 39
20 40
20 41
20 42
20 46
20 47
20 48
20 49
20 50
20 51
20 52
20 53
20 54
20 55
21 23
21 24
21 26
21 29
21 31
21 33
21 34
21 38
21 39
21 40
21 42
21 43
21 44
21 46
21 47
21 49
21 50
21 52
21 53
21 55
22 23
22 27
22 28
22 30
22 31
22 33
22 34
22 36
22 37
22 38
22 39
22 40
22 41
22 42
22 43
22 44
22 45
22 46
22 48
22 49
22 51
22 52
22 53
22 54
22 55
23 24
23 25
23 27
23 29
23 30
23 31
23 33
23 34
23 35
23 36
23 37
23 40
23 41
23 42
23 43
23 44
23 45
23 46
23 47
23 49
23 50
23 51
23 52
23 54
23 55
24 26
24 27
24 28
24 30
24 33
24 34
24 35
24 36
24 37
24 38
24 40
24 42
24 44
24 46
24 48
24 49
24 50
24 51
24 52
24 53
24 54
24 55
25 28
25 29
25 30
25 31
25 32
25 35
25 38
25 39
25 40
25 43
25 44
25 45
25 46
25 48
25 52
25 53
25 55
26 27
26 28
26 29
26 30
26 31
26 32
26 33
26 34
26 35
26 36
26 37
26 38
26 39
26 40
26 41
26 42
26 43
26 44
26 45
26 46
26 47
26 48
26 49
26 50
26 51
26 52
26 54
26 55
27 28
27 29
27 32
27 34
27 35
27 36
27 38
27 39
27 40
27 41
27 42
27 44
27 46
27 47
27 50
27 51
27 52
27 53
27 54
27 55
28 30
28 31
28 34
28 37
28 38
28 40
28 41
28 42
28 43
28 44
28 45
28 47
28 48
28 49
28 50
28 51
28 52
28 54
28 55
29 30
29 31
29 32
29 34
29 37
29 38
29 39
29 40
29 41
29 42
29 44
29 48
29 49
29 50
29 51
29 52
29 54
29 55
30 31
30 32
30 33
30 34
30 35
30 36
30 37
30 38
30 39
30 40
30 41
30 44
30 46
30 49
30 50
30 51
30 52
30 53
30 54
31 32
31 34
31 36
31 38
31 39
31 40
31 41
31 43
31 47
31 48
31 49
31 50
31 51
31 54
31 55
32 33
32 34
32 36
32 38
32 39
32 40
32 42
32 43
32 45
32 46
32 48
32 49
32 50
32 51
32 52
32 53
32 55
33 34
33 35
33 36
33 37
33 38
33 39
33 41
33 42
33 43
33 45
33 46
33 47
33 49
33 51
33 53
33 54
33 55
34 35
34 36
34 37
34 38
34 39
34 40
34 41
34 43
34 48
34 49
34 51
34 55
35 36
35 37
35 40
35 41
35 43
35 44
35 45
35 46
35 47
35 48
35 51
35 52
35 53
35 54
35 55
36 37
36 38
36 40
36 42
36 43
36 44
36 47
36 49
36 52
36 53
36 54
36 55
37 40
37 41
37 42
37 44
37 45
37 46
37 47
37 49
37 50
37 51
37 52
37 53
37 54
37 55
38 39
38 42
38 43
38 44
38 45
38 46
38 48
38 50
38 51
38 54
38 55
39 40
39 41
39 42
39 44
39 45
39 46
39 47
39 49
39 53
39 54
39 55
40 42
40 43
40 44
40 45
40 47
40 48
40 49
40 50
40 51
40 52
40 53
40 54
40 55
41 42
41 43
41 44
41 45
41 47
41 48
41 49
41 51
41 52
41 54
41 55
42 43
42 45
42 46
42 47
42 48
42 49
42 52
42 53
42 54
42 55
43 44
43 45
43 48
43 49
43 51
43 53
43 55
44 45
44 49
44 50
44 51
44 54
44 55
45 46
45 48
45 51
45 52
45 53
45 54
46 47
46 49
46 50
46 51
46 54
46 55
47 50
47 51
47 52
47 54
48 49
48 51
48 52
48 53
48 54
48 55
49 50
49 51
49 52
49 53
49 54
50 51
50 52
50 55
51 52
51 53
52 53
52 55
54 55
