22 164
1 2
1 4
1 5
1 8
1 9
1 12
1 15
1 16
1 19
1 20
1 22
2 3
2 4
2 5
2 6
2 7
2 8
2 9
2 10
2 11
2 12
2 13
2 16
2 17
2 18
2 19
2 20
2 22
3 4
3 5
3 7
3 9
3 12
3 13
3 14
3 15
3 16
3 17
3 19
3 20
3 21
3 22
4 5
4 7
4 8
4 11
4 12
4 14
4 15
4 16
4 17
4 18
4 19
4 20
4 22
5 6
5 8
5 9
5 11
5 12
5 14
5 15
5 16
5 18
5 19
5 20
5 21
5 22
6 7
6 8
6 9
6 11
6 12
6 13
6 14
6 15
6 16
6 18
6 20
6 21
6 22
7 8
7 9
7 10
7 11
7 12
7 13
7 14
7 15
7 16
7 17
7 18
7 19
7 20
7 21
7 22
8 9
8 10
8 12
8 13
8 14
8 15
8 16
8 18
8 19
9 10
9 12
9 14
9 15
9 16
9 18
9 20
10 11
10 12
10 13
10 14
10 15
10 16
10 18
10 19
10 22
11 12
11 13
11 14
11 16
11 17
11 18
11 19
11 22
12 16
12 17
12 18
12 19
12 21
12 22
13 14
13 15
13 18
13 19
13 20
13 22
14 15
14 18
14 20
14 21
15 18
15 19
16 18
16 19
16 21
16 22
17 18
17 19
17 22
18 19
18 20
18 21
18 22
19 20
19 21
19 22
20 21
20 22
21 22
