36 441
1 2
1 3
1 4
1 5
1 7
1 8
1 9
1 10
1 11
1 13
1 14
1 15
1 18
1 19
1 20
1 21
1 25
1 26
1 27
1 28
1 29
1 30
1 32
1 33
1 35
2 4
2 6
2 7
2 8
2 9
2 11
2 13
2 14
2 15
2 16
2 17
2 19
2 21
2 23
2 24
2 25
2 27
2 29
2 30
2 32
2 34
2 35
2 36
3 4
3 5
3 6
3 7
3 10
3 12
3 13
3 14
3 15
3 16
3 17
3 18
3 22
3 23
3 24
3 25
3 27
3 28
3 29
3 30
3 33
3 34
3 35
4 7
4 9
4 10
4 11
4 12
4 14
4 15
4 18
4 20
4 21
4 22
4 23
4 25
4 26
4 27
4 28
4 30
4 31
4 32
4 34
4 36
5 6
5 9
5 12
5 13
5 14
5 15
5 17
5 18
5 19
5 22
5 23
5 24
5 25
5 26
5 28
5 29
5 30
5 31
5 32
5 33
5 35
5 36
6 7
6 9
6 10
6 12
6 13
6 14
6 17
6 18
6 19
6 20
6 21
6 24
6 25
6 26
6 28
6 30
6 31
6 32
6 34
6 35
7 8
7 9
7 11
7 12
7 13
7 14
7 15
7 16
7 17
7 18
7 20
7 21
7 22
7 23
7 24
7 26
7 28
7 29
7 30
7 32
7 34
7 36
8 9
8 10
8 11
8 13
8 14
8 15
8 16
8 17
8 18
8 19
8 21
8 22
8 23
8 24
8 26
8 27
8 29
8 30
8 32
8 33
8 34
8 35
8 36
9 10
9 11
9 12
9 13
9 15
9 17
9 18
9 19
9 20
9 21
9 22
9 23
9 24
9 27
9 28
9 29
9 30
9 31
9 32
9 34
9 35
10 13
10 14
10 15
10 16
10 17
10 18
10 20
10 22
10 25
10 26
10 27
10 30
10 32
10 35
10 36
11 15
11 16
11 18
11 19
11 20
11 22
11 23
11 24
11 25
11 26
11 27
11 28
11 30
11 32
11 33
11 35
11 36
12 13
12 17
12 18
12 19
12 20
12 21
12 25
12 28
12 29
12 30
12 31
12 32
12 33
12 34
12 36
13 16
13 18
13 20
13 22
13 23
13 24
13 26
13 27
13 28
13 32
13 33
13 35
14 15
14 16
14 17
14 18
14 19
14 20
14 21
14 23
14 24
14 25
14 26
14 27
14 28
14 30
14 32
14 33
14 34
14 35
14 36
15 16
15 17
15 19
15 20
15 21
15 22
15 25
15 26
15 27
15 28
15 29
15 33
15 34
15 36
16 17
16 18
16 20
16 22
16 23
16 24
16 25
16 26
16 27
16 28
16 29
16 30
16 34
16 36
17 18
17 21
17 22
17 23
17 25
17 26
17 27
17 29
17 30
17 32
17 33
17 35
17 36
18 19
18 20
18 22
18 23
18 24
18 25
18 26
18 29
18 30
18 31
18 32
18 33
18 35
19 20
19 21
19 23
19 30
19 31
19 32
19 33
19 34
19 35
19 36
20 21
20 22
20 24
20 25
20 26
20 27
20 28
20 29
20 30
20 31
20 32
20 33
20 34
21 22
21 23
21 24
21 25
21 26
21 28
21 31
21 32
21 33
22 25
22 26
22 27
22 28
22 31
22 32
22 33
22 35
22 36
23 24
23 26
23 27
23 28
23 29
23 30
23 33
23 35
23 36
24 25
24 27
24 29
24 30
24 32
24 34
24 35
24 36
25 27
25 28
25 30
25 31
25 32
25 33
25 34
25 36
26 27
26 28
26 29
26 31
26 32
26 33
26 34
26 35
26 36
27 29
27 30
27 31
27 32
27 34
27 35
27 36
28 29
28 31
28 32
28 35
29 30
29 31
29 32
29 34
29 35
29 36
30 31
30 33
30 34
30 35
30 36
31 34
31 35
31 36
32 33
32 34
32 35
32 36
33 34
33 35
33 36
34 35
34 36
