28 267
1 2
1 4
1 5
1 7
1 8
1 9
1 10
1 11
1 12
1 14
1 15
1 16
1 18
1 20
1 21
1 23
1 24
1 25
1 27
1 28
2 5
2 6
2 7
2 8
2 9
2 10
2 11
2 12
2 13
2 14
2 15
2 17
2 19
2 20
2 21
2 23
2 24
2 25
2 27
3 4
3 5
3 6
3 7
3 8
3 10
3 12
3 13
3 14
3 15
3 17
3 18
3 19
3 21
3 23
3 25
3 26
3 28
4 5
4 6
4 7
4 8
4 13
4 15
4 18
4 20
4 21
4 22
4 23
4 24
4 25
4 27
4 28
5 6
5 7
5 8
5 9
5 10
5 12
5 13
5 16
5 17
5 19
5 20
5 21
5 23
5 25
5 26
6 7
6 8
6 10
6 11
6 12
6 13
6 14
6 15
6 16
6 17
6 18
6 19
6 20
6 21
6 22
6 23
6 24
6 26
6 27
7 9
7 13
7 14
7 18
7 19
7 20
7 21
7 22
7 23
7 24
7 25
7 26
7 27
8 9
8 12
8 13
8 14
8 15
8 16
8 21
8 22
8 23
8 24
8 25
8 28
9 11
9 14
9 16
9 17
9 18
9 19
9 21
9 22
9 23
9 24
9 26
9 28
10 11
10 12
10 13
10 14
10 16
10 17
10 20
10 21
10 22
10 23
10 26
10 27
10 28
11 12
11 14
11 18
11 20
11 21
11 22
11 23
11 24
11 26
11 27
11 28
12 14
12 15
12 16
12 17
12 19
12 21
12 22
12 23
12 24
12 27
13 15
13 16
13 17
13 18
13 19
13 23
13 24
13 25
13 27
14 15
14 16
14 17
14 18
14 21
14 22
14 23
14 24
14 26
14 27
14 28
15 16
15 17
15 20
15 21
15 22
15 23
15 24
15 25
15 26
15 27
15 28
16 17
16 18
16 21
16 22
16 23
16 24
16 26
16 27
16 28
17 19
17 24
17 25
17 26
17 27
17 28
18 20
18 22
18 24
18 25
18 27
18 28
19 20
19 21
19 22
19 23
19 24
19 25
19 26
19 27
20 21
20 23
20 24
20 25
20 26
20 27
20 28
21 23
21 24
21 25
21 26
21 27
21 28
22 23
22 25
22 26
22 27
23 24
23 25
23 27
23 28
24 25
24 26
24 27
24 28
25 26
25 27
25 28
26 28
27 28
