61 1274
1 2
1 4
1 5
1 6
1 7
1 8
1 11
1 12
1 14
1 15
1 16
1 17
1 18
1 20
1 21
1 23
1 24
1 25
1 26
1 27
1 31
1 34
1 40
1 41
1 42
1 43
1 44
1 45
1 46
1 49
1 50
1 53
1 57
1 60
1 61
2 7
2 12
2 13
2 16
2 18
2 22
2 25
2 29
2 30
2 31
2 32
2 33
2 34
2 35
2 36
2 38
2 39
2 40
2 41
2 42
2 44
2 45
2 47
2 48
2 49
2 50
2 51
2 52
2 53
2 54
2 55
2 56
2 57
2 58
2 59
2 60
2 61
3 4
3 5
3 6
3 8
3 9
3 11
3 12
3 13
3 14
3 17
3 18
3 19
3 21
3 22
3 24
3 25
3 26
3 28
3 29
3 30
3 31
3 32
3 33
3 34
3 36
3 38
3 39
3 40
3 41
3 42
3 43
3 44
3 45
3 47
3 48
3 49
3 51
3 52
3 53
3 54
3 55
3 57
3 58
3 60
3 61
4 5
4 6
4 7
4 8
4 9
4 10
4 13
4 14
4 15
4 17
4 19
4 20
4 22
4 24
4 25
4 26
4 27
4 28
4 35
4 36
4 38
4 39
4 40
4 41
4 43
4 49
4 50
4 53
4 54
4 55
4 59
4 61
5 6
5 7
5 8
5 10
5 12
5 13
5 14
5 16
5 17
5 19
5 20
5 21
5 22
5 23
5 24
5 26
5 27
5 28
5 30
5 31
5 32
5 33
5 34
5 35
5 36
5 37
5 38
5 39
5 40
5 41
5 43
5 44
5 45
5 46
5 47
5 48
5 49
5 50
5 51
5 53
5 54
5 55
5 59
5 60
5 61
6 7
6 8
6 9
6 10
6 11
6 12
6 15
6 16
6 17
6 19
6 20
6 21
6 23
6 25
6 27
6 28
6 29
6 30
6 31
6 32
6 33
6 34
6 36
6 37
6 39
6 40
6 42
6 45
6 46
6 47
6 48
6 49
6 51
6 52
6 53
6 55
6 56
6 57
6 59
6 60
6 61
7 8
7 9
7 11
7 13
7 14
7 15
7 16
7 17
7 19
7 20
7 22
7 25
7 26
7 28
7 30
7 31
7 32
7 35
7 36
7 37
7 39
7 40
7 41
7 42
7 43
7 45
7 47
7 48
7 49
7 50
7 51
7 52
7 54
7 56
7 57
7 58
7 59
7 61
8 9
8 10
8 11
8 13
8 14
8 15
8 16
8 17
8 18
8 19
8 20
8 21
8 23
8 24
8 27
8 29
8 30
8 31
8 34
8 38
8 40
8 41
8 42
8 43
8 45
8 47
8 48
8 51
8 52
8 53
8 56
8 58
8 61
9 10
9 11
9 12
9 13
9 14
9 15
9 16
9 17
9 18
9 20
9 21
9 22
9 23
9 25
9 26
9 27
9 28
9 29
9 30
9 31
9 34
9 35
9 38
9 40
9 42
9 43
9 44
9 47
9 49
9 50
9 51
9 52
9 53
9 54
9 55
9 56
9 59
9 60
9 61
10 12
10 14
10 15
10 16
10 17
10 18
10 20
10 22
10 23
10 25
10 26
10 27
10 32
10 34
10 35
10 36
10 38
10 39
10 42
10 43
10 44
10 45
10 49
10 52
10 54
10 55
10 56
10 58
10 60
11 13
11 14
11 16
11 17
11 20
11 21
11 22
11 23
11 24
11 25
11 26
11 27
11 28
11 29
11 31
11 32
11 33
11 36
11 37
11 38
11 39
11 40
11 41
11 42
11 43
11 44
11 45
11 46
11 47
11 48
11 49
11 52
11 53
11 54
11 55
11 56
11 57
11 59
11 60
11 61
12 13
12 14
12 15
12 16
12 17
12 19
12 20
12 21
12 23
12 24
12 25
12 26
12 27
12 31
12 32
12 33
12 34
12 38
12 39
12 40
12 41
12 42
12 43
12 44
12 45
12 48
12 51
12 52
12 54
12 55
12 56
12 57
12 58
12 59
12 61
13 14
13 15
13 16
13 18
13 19
13 20
13 22
13 24
13 28
13 30
13 31
13 35
13 36
13 38
13 40
13 42
13 43
13 45
13 46
13 47
13 49
13 50
13 51
13 52
13 53
13 54
13 56
13 57
13 58
13 61
14 15
14 16
14 18
14 19
14 20
14 21
14 23
14 25
14 27
14 28
14 30
14 31
14 32
14 33
14 35
14 36
14 37
14 38
14 39
14 40
14 41
14 45
14 46
14 47
14 49
14 50
14 51
14 53
14 54
14 55
14 57
14 58
14 60
14 61
15 17
15 18
15 20
15 22
15 23
15 24
15 25
15 28
15 29
15 31
15 34
15 35
15 36
15 38
15 39
15 40
15 42
15 43
15 44
15 45
15 50
15 52
15 53
15 54
15 55
15 58
15 59
15 60
16 17
16 18
16 19
16 20
16 21
16 23
16 24
16 25
16 27
16 28
16 29
16 31
16 33
16 34
16 35
16 36
16 37
16 38
16 39
16 40
16 41
16 42
16 43
16 44
16 46
16 47
16 49
16 50
16 51
16 52
16 53
16 55
16 56
16 57
16 58
16 59
16 60
17 18
17 19
17 21
17 22
17 23
17 24
17 25
17 27
17 28
17 29
17 30
17 32
17 34
17 35
17 36
17 37
17 38
17 39
17 41
17 42
17 43
17 44
17 45
17 46
17 48
17 49
17 50
17 51
17 53
17 55
17 56
17 57
17 58
17 59
17 60
17 61
18 19
18 20
18 21
18 27
18 28
18 32
18 33
18 34
18 36
18 38
18 39
18 40
18 41
18 42
18 43
18 44
18 45
18 47
18 48
18 49
18 50
18 51
18 52
18 53
18 56
18 58
18 59
18 61
19 20
19 21
19 22
19 23
19 24
19 25
19 26
19 28
19 30
19 31
19 33
19 35
19 37
19 39
19 40
19 41
19 42
19 43
19 44
19 45
19 46
19 47
19 48
19 49
19 50
19 53
19 56
19 57
19 58
19 59
19 60
20 21
20 24
20 26
20 27
20 29
20 30
20 33
20 34
20 37
20 38
20 39
20 42
20 43
20 45
20 46
20 47
20 51
20 54
20 55
20 56
20 57
20 59
20 60
20 61
21 22
21 23
21 24
21 25
21 26
21 27
21 28
21 32
21 33
21 34
21 35
21 36
21 37
21 40
21 41
21 43
21 45
21 46
21 49
21 51
21 52
21 53
21 54
21 55
21 56
21 58
21 59
21 61
22 24
22 25
22 26
22 27
22 29
22 31
22 32
22 34
22 35
22 36
22 38
22 39
22 40
22 41
22 42
22 44
22 45
22 46
22 47
22 48
22 49
22 50
22 51
22 53
22 55
22 57
23 24
23 25
23 28
23 30
23 31
23 32
23 33
23 34
23 35
23 36
23 37
23 38
23 40
23 44
23 45
23 48
23 50
23 54
23 55
23 56
23 57
23 58
23 60
23 61
24 25
24 26
24 28
24 30
24 31
24 32
24 35
24 37
24 38
24 41
24 42
24 43
24 44
24 45
24 46
24 47
24 50
24 54
24 57
24 58
24 59
24 60
24 61
25 27
25 28
25 29
25 30
25 32
25 33
25 34
25 35
25 36
25 37
25 39
25 40
25 42
25 43
25 44
25 45
25 46
25 47
25 49
25 50
25 52
25 53
25 54
25 56
25 58
25 59
25 60
26 27
26 28
26 29
26 31
26 32
26 33
26 34
26 35
26 38
26 40
26 41
26 42
26 43
26 44
26 45
26 47
26 48
26 49
26 51
26 54
26 56
26 57
26 61
27 28
27 29
27 30
27 33
27 34
27 35
27 36
27 38
27 40
27 41
27 42
27 43
27 44
27 45
27 47
27 48
27 50
27 51
27 53
27 56
27 58
27 59
27 60
28 30
28 31
28 33
28 34
28 35
28 36
28 37
28 38
28 39
28 40
28 41
28 44
28 46
28 47
28 50
28 51
28 52
28 53
28 54
28 58
28 61
29 31
29 32
29 34
29 35
29 36
29 38
29 39
29 44
29 45
29 46
29 47
29 48
29 50
29 53
29 55
29 56
29 57
29 60
29 61
30 32
30 33
30 34
30 35
30 36
30 37
30 38
30 39
30 40
30 41
30 42
30 43
30 44
30 45
30 46
30 47
30 48
30 49
30 51
30 53
30 54
30 55
30 56
30 57
30 59
30 60
30 61
31 32
31 33
31 34
31 35
31 37
31 38
31 40
31 43
31 46
31 51
31 52
31 53
31 55
31 57
31 58
31 59
31 61
32 33
32 34
32 35
32 37
32 39
32 42
32 44
32 46
32 47
32 48
32 49
32 50
32 52
32 53
32 56
32 57
32 58
32 60
33 34
33 35
33 36
33 38
33 39
33 40
33 42
33 43
33 45
33 47
33 48
33 49
33 51
33 52
33 53
33 54
33 55
33 56
33 57
33 58
33 59
33 60
34 35
34 37
34 38
34 39
34 40
34 41
34 42
34 43
34 44
34 45
34 46
34 48
34 50
34 52
34 53
34 54
34 55
34 56
34 57
34 59
34 60
35 36
35 37
35 38
35 41
35 42
35 44
35 45
35 46
35 47
35 49
35 50
35 52
35 53
35 54
35 55
35 56
35 58
35 59
35 60
35 61
36 37
36 38
36 39
36 40
36 41
36 43
36 44
36 47
36 49
36 50
36 51
36 52
36 55
36 57
36 58
36 60
36 61
37 38
37 39
37 41
37 42
37 43
37 44
37 45
37 47
37 48
37 49
37 51
37 52
37 53
37 56
37 58
37 59
37 61
38 39
38 40
38 41
38 43
38 45
38 47
38 48
38 49
38 50
38 52
38 53
38 56
38 57
38 60
38 61
39 40
39 41
39 42
39 43
39 44
39 46
39 47
39 48
39 49
39 50
39 51
39 52
39 54
39 55
39 57
39 58
39 60
39 61
40 41
40 42
40 44
40 45
40 46
40 47
40 48
40 51
40 52
40 53
40 55
40 56
40 57
40 58
40 60
40 61
41 42
41 45
41 46
41 47
41 49
41 51
41 52
41 53
41 54
41 55
41 56
41 58
41 59
41 60
42 44
42 45
42 47
42 48
42 49
42 50
42 51
42 52
42 53
42 54
42 55
42 56
42 57
42 58
42 60
42 61
43 44
43 45
43 47
43 48
43 49
43 50
43 51
43 52
43 53
43 54
43 56
43 58
43 59
43 61
44 45
44 50
44 51
44 52
44 53
44 54
44 55
44 57
44 58
44 60
44 61
45 47
45 48
45 50
45 51
45 53
45 55
45 56
45 57
45 58
45 59
45 60
45 61
46 47
46 48
46 49
46 50
46 52
46 54
46 55
46 56
46 57
46 59
46 60
47 48
47 50
47 51
47 52
47 53
47 54
47 55
47 56
47 59
47 60
48 49
48 50
48 51
48 52
48 53
48 54
48 56
48 58
48 59
48 60
49 50
49 51
49 52
49 54
49 55
49 56
49 57
49 59
49 60
49 61
50 51
50 52
50 53
50 54
50 55
50 56
50 57
50 59
50 60
50 61
51 53
51 54
51 56
51 57
51 58
51 60
52 54
52 55
52 56
52 57
52 60
52 61
53 54
53 55
53 56
53 59
53 60
53 61
54 56
54 57
54 58
54 60
54 61
55 56
55 57
55 58
55 59
55 61
56 57
56 60
56 61
57 58
57 61
58 59
58 60
58 61
60 61
