30 312
1 4
1 6
1 8
1 9
1 11
1 12
1 13
1 14
1 15
1 16
1 17
1 18
1 19
1 21
1 24
1 25
1 26
1 28
1 30
2 3
2 4
2 5
2 7
2 8
2 9
2 10
2 11
2 12
2 13
2 14
2 15
2 17
2 18
2 19
2 20
2 21
2 23
2 26
2 27
2 28
3 4
3 6
3 7
3 8
3 9
3 12
3 13
3 14
3 16
3 17
3 18
3 19
3 20
3 21
3 23
3 24
3 26
3 27
3 28
3 29
3 30
4 5
4 6
4 8
4 14
4 16
4 18
4 19
4 20
4 21
4 22
4 23
4 25
4 26
4 27
4 30
5 7
5 8
5 10
5 11
5 12
5 14
5 16
5 17
5 18
5 19
5 20
5 21
5 22
5 24
5 25
5 26
5 27
5 29
5 30
6 9
6 10
6 11
6 13
6 14
6 17
6 18
6 19
6 20
6 22
6 23
6 24
6 25
6 26
6 27
6 29
6 30
7 9
7 10
7 11
7 13
7 14
7 16
7 18
7 20
7 22
7 23
7 24
7 25
7 26
7 27
7 28
7 29
8 9
8 11
8 13
8 15
8 16
8 17
8 19
8 20
8 22
8 24
8 26
8 27
8 30
9 10
9 11
9 14
9 16
9 19
9 21
9 24
9 26
9 27
10 11
10 12
10 13
10 15
10 16
10 17
10 18
10 19
10 20
10 21
10 22
10 23
10 24
10 25
10 28
10 29
10 30
11 12
11 13
11 14
11 15
11 16
11 17
11 18
11 20
11 21
11 22
11 23
11 24
11 25
11 26
11 27
11 28
11 29
11 30
12 13
12 14
12 15
12 18
12 19
12 20
12 23
12 24
12 25
12 26
12 27
12 28
12 29
12 30
13 14
13 15
13 17
13 18
13 19
13 20
13 22
13 23
13 24
13 25
13 27
13 28
13 29
13 30
14 16
14 17
14 19
14 20
14 21
14 22
14 23
14 26
14 27
14 28
15 16
15 17
15 19
15 20
15 21
15 22
15 24
15 25
15 26
15 27
15 28
15 30
16 17
16 18
16 19
16 21
16 23
16 24
16 26
16 27
16 28
16 29
17 18
17 19
17 20
17 21
17 22
17 23
17 25
17 26
17 27
17 28
17 30
18 19
18 20
18 21
18 23
18 24
18 25
18 28
18 29
19 20
19 22
19 23
19 24
19 25
19 26
19 27
19 28
19 29
19 30
20 21
20 22
20 23
20 24
20 25
20 26
20 27
20 29
20 30
21 22
21 23
21 24
21 25
21 26
21 27
21 28
21 29
21 30
22 23
22 26
22 29
22 30
23 24
23 25
23 26
23 27
23 29
24 26
24 29
24 30
25 26
25 28
25 30
26 28
27 29
27 30
28 29
29 30
