20 131
1 4
1 5
1 6
1 7
1 8
1 10
1 11
1 12
1 13
1 14
1 15
1 16
1 17
1 19
1 20
2 3
2 4
2 5
2 6
2 11
2 12
2 13
2 17
2 18
2 19
2 20
3 4
3 6
3 8
3 9
3 11
3 12
3 13
3 14
3 15
3 16
3 17
3 18
3 20
4 5
4 6
4 8
4 9
4 10
4 11
4 13
4 14
4 15
4 16
4 17
4 18
5 6
5 8
5 9
5 11
5 12
5 13
5 14
5 15
5 16
5 17
5 19
5 20
6 7
6 9
6 11
6 13
6 14
6 15
6 16
6 18
6 19
6 20
7 8
7 9
7 11
7 12
7 14
7 15
7 16
7 18
7 19
7 20
8 10
8 11
8 14
8 16
8 17
8 18
8 20
9 11
9 12
9 14
9 16
9 17
9 18
9 19
9 20
10 12
10 13
10 20
11 12
11 13
11 16
11 17
11 18
12 14
12 15
12 16
12 17
12 18
12 19
13 14
13 15
13 16
13 18
13 19
14 17
14 18
14 19
14 20
15 16
15 17
15 18
15 20
16 17
16 18
16 19
17 18
17 19
18 20
