22 160
1 2
1 4
1 5
1 6
1 8
1 10
1 13
1 14
1 15
1 17
1 18
1 20
1 22
2 3
2 4
2 7
2 8
2 10
2 11
2 12
2 15
2 16
3 4
3 5
3 6
3 7
3 8
3 9
3 10
3 11
3 12
3 14
3 15
3 16
3 17
3 19
3 20
3 22
4 5
4 6
4 7
4 8
4 9
4 11
4 12
4 13
4 14
4 15
4 16
4 17
4 19
4 20
4 22
5 6
5 7
5 10
5 12
5 13
5 14
5 15
5 16
5 17
5 18
5 19
5 20
5 21
6 7
6 9
6 10
6 11
6 12
6 14
6 15
6 17
6 18
6 20
6 22
7 8
7 9
7 11
7 13
7 14
7 15
7 18
7 20
7 21
7 22
8 9
8 10
8 11
8 13
8 15
8 16
8 18
8 19
8 20
8 22
9 10
9 11
9 13
9 14
9 15
9 17
9 19
9 22
10 11
10 14
10 15
10 16
10 17
10 18
10 19
10 21
10 22
11 13
11 14
11 15
11 17
11 19
11 20
11 22
12 13
12 14
12 15
12 16
12 18
12 19
12 20
12 21
12 22
13 14
13 15
13 16
13 18
13 19
13 20
14 15
14 17
14 18
14 19
14 22
15 16
15 18
15 19
15 22
16 17
16 18
16 21
16 22
17 18
17 19
17 20
17 21
18 20
18 21
18 22
19 20
19 21
20 21
21 22
