51 905
1 2
1 3
1 4
1 5
1 7
1 8
1 11
1 13
1 15
1 16
1 17
1 18
1 19
1 20
1 22
1 24
1 28
1 29
1 30
1 31
1 32
1 33
1 34
1 36
1 37
1 38
1 41
1 43
1 45
1 46
1 48
1 49
1 50
1 51
2 4
2 5
2 6
2 8
2 11
2 12
2 13
2 14
2 15
2 16
2 18
2 21
2 22
2 23
2 25
2 26
2 27
2 28
2 29
2 31
2 32
2 33
2 34
2 36
2 37
2 38
2 39
2 41
2 42
2 43
2 45
2 47
2 48
2 49
3 4
3 7
3 10
3 11
3 12
3 13
3 14
3 15
3 16
3 17
3 19
3 21
3 22
3 23
3 24
3 26
3 27
3 29
3 30
3 31
3 33
3 34
3 35
3 37
3 38
3 39
3 40
3 42
3 43
3 44
3 45
3 48
3 50
3 51
4 6
4 8
4 9
4 14
4 16
4 17
4 18
4 19
4 23
4 24
4 25
4 26
4 27
4 28
4 31
4 32
4 33
4 34
4 35
4 37
4 38
4 39
4 40
4 43
4 44
4 45
4 46
4 48
4 50
5 6
5 8
5 11
5 12
5 13
5 15
5 16
5 17
5 18
5 19
5 20
5 21
5 22
5 24
5 25
5 26
5 27
5 28
5 30
5 32
5 34
5 35
5 36
5 37
5 38
5 39
5 40
5 41
5 42
5 43
5 44
5 45
5 46
5 48
5 49
5 50
5 51
6 7
6 10
6 11
6 12
6 13
6 14
6 16
6 19
6 20
6 21
6 22
6 23
6 24
6 25
6 26
6 31
6 33
6 35
6 36
6 38
6 39
6 41
6 42
6 44
6 45
6 46
6 49
7 8
7 9
7 10
7 11
7 12
7 13
7 15
7 16
7 17
7 19
7 20
7 21
7 22
7 24
7 25
7 27
7 28
7 29
7 32
7 33
7 34
7 35
7 36
7 37
7 39
7 42
7 43
7 44
7 45
7 46
7 47
7 48
7 49
7 50
7 51
8 9
8 10
8 12
8 14
8 15
8 16
8 17
8 19
8 20
8 21
8 22
8 23
8 24
8 25
8 26
8 27
8 28
8 29
8 30
8 31
8 32
8 34
8 37
8 38
8 40
8 42
8 44
8 45
8 46
8 47
8 48
8 49
8 50
8 51
9 10
9 11
9 14
9 15
9 17
9 18
9 19
9 20
9 21
9 22
9 23
9 26
9 29
9 30
9 31
9 32
9 33
9 34
9 35
9 36
9 40
9 41
9 42
9 43
9 44
9 45
9 46
9 47
9 48
9 50
9 51
10 11
10 12
10 13
10 14
10 15
10 16
10 17
10 19
10 21
10 23
10 24
10 27
10 28
10 29
10 30
10 32
10 33
10 35
10 36
10 37
10 39
10 40
10 42
10 43
10 45
10 48
10 50
10 51
11 12
11 13
11 14
11 15
11 17
11 19
11 22
11 23
11 25
11 26
11 27
11 28
11 29
11 31
11 33
11 34
11 35
11 36
11 38
11 41
11 42
11 43
11 44
11 45
11 46
11 47
11 50
12 13
12 14
12 16
12 17
12 18
12 19
12 20
12 22
12 25
12 26
12 28
12 29
12 30
12 31
12 32
12 33
12 34
12 36
12 38
12 39
12 40
12 41
12 43
12 45
12 46
12 47
12 49
12 51
13 15
13 16
13 17
13 18
13 21
13 25
13 27
13 29
13 31
13 32
13 34
13 35
13 36
13 38
13 39
13 42
13 43
13 44
13 48
13 50
13 51
14 15
14 16
14 17
14 18
14 19
14 20
14 21
14 22
14 24
14 26
14 27
14 28
14 29
14 30
14 31
14 33
14 34
14 35
14 36
14 37
14 41
14 42
14 43
14 44
14 45
14 46
14 47
14 48
14 49
14 50
14 51
15 16
15 17
15 18
15 19
15 22
15 25
15 27
15 28
15 29
15 30
15 31
15 32
15 33
15 34
15 35
15 37
15 39
15 40
15 42
15 43
15 45
15 47
15 49
15 51
16 17
16 18
16 19
16 20
16 23
16 24
16 25
16 26
16 28
16 29
16 30
16 31
16 32
16 35
16 37
16 38
16 40
16 42
16 44
16 45
16 46
16 47
16 48
16 49
16 50
16 51
17 19
17 21
17 24
17 25
17 27
17 28
17 29
17 30
17 33
17 34
17 35
17 36
17 38
17 39
17 41
17 43
17 44
17 45
17 47
18 20
18 21
18 24
18 27
18 28
18 29
18 30
18 31
18 32
18 35
18 36
18 38
18 39
18 40
18 41
18 43
18 44
18 47
18 48
18 49
18 50
19 20
19 21
19 23
19 24
19 25
19 26
19 28
19 29
19 31
19 34
19 35
19 36
19 37
19 39
19 40
19 41
19 42
19 43
19 44
19 45
19 46
19 48
19 50
20 21
20 23
20 24
20 25
20 26
20 27
20 31
20 32
20 34
20 35
20 36
20 38
20 39
20 40
20 41
20 42
20 43
20 45
20 47
20 48
20 49
20 50
20 51
21 23
21 24
21 25
21 26
21 27
21 30
21 31
21 32
21 33
21 34
21 36
21 37
21 38
21 40
21 41
21 42
21 43
21 44
21 45
21 47
21 48
21 49
21 50
21 51
22 23
22 24
22 26
22 27
22 28
22 29
22 31
22 32
22 34
22 36
22 37
22 39
22 40
22 41
22 43
22 46
22 47
22 51
23 24
23 26
23 30
23 31
23 32
23 33
23 34
23 35
23 37
23 38
23 39
23 41
23 44
23 45
23 46
23 49
23 50
23 51
24 26
24 27
24 28
24 29
24 30
24 31
24 32
24 33
24 34
24 35
24 38
24 39
24 41
24 42
24 44
24 45
24 46
24 48
24 49
24 50
24 51
25 26
25 27
25 28
25 29
25 30
25 32
25 33
25 34
25 36
25 37
25 38
25 39
25 40
25 41
25 44
25 45
25 46
25 47
25 49
25 50
25 51
26 27
26 28
26 29
26 31
26 34
26 40
26 41
26 43
26 44
26 45
26 47
26 48
26 50
26 51
27 28
27 30
27 31
27 32
27 33
27 34
27 36
27 37
27 38
27 39
27 40
27 42
27 43
27 45
27 46
27 47
27 48
27 49
27 50
28 29
28 30
28 31
28 32
28 33
28 35
28 36
28 37
28 38
28 39
28 40
28 41
28 43
28 45
28 46
28 48
28 49
28 50
28 51
29 30
29 31
29 32
29 33
29 34
29 38
29 39
29 40
29 41
29 42
29 43
29 44
29 45
29 47
29 48
29 49
29 50
29 51
30 31
30 32
30 33
30 36
30 38
30 39
30 40
30 41
30 42
30 43
30 44
30 45
30 46
30 47
30 49
30 50
31 32
31 37
31 38
31 39
31 40
31 41
31 42
31 44
31 45
31 46
31 49
31 50
31 51
32 33
32 35
32 36
32 37
32 38
32 39
32 40
32 41
32 43
32 44
32 45
32 46
32 47
32 48
32 49
33 34
33 35
33 36
33 37
33 39
33 40
33 42
33 44
33 45
33 48
33 49
33 50
34 35
34 37
34 38
34 39
34 40
34 41
34 43
34 44
34 45
34 46
34 48
34 50
34 51
35 37
35 42
35 43
35 44
35 45
35 46
35 48
35 50
36 37
36 38
36 39
36 40
36 41
36 42
36 43
36 44
36 45
36 46
36 47
36 48
36 50
36 51
37 39
37 41
37 42
37 43
37 44
37 45
37 46
37 48
37 49
37 51
38 40
38 42
38 43
38 44
38 45
38 46
38 48
38 49
38 51
39 41
39 42
39 43
39 44
39 45
39 46
39 48
39 50
40 41
40 43
40 45
40 46
40 47
40 48
40 49
41 42
41 45
41 46
41 47
41 48
41 49
41 50
41 51
42 44
42 45
42 46
42 48
42 49
42 50
42 51
43 44
43 45
43 46
43 48
43 51
44 46
44 47
44 48
44 51
45 46
45 47
45 48
45 49
45 50
45 51
46 47
46 49
46 50
46 51
47 48
47 49
47 51
48 49
48 50
48 51
49 50
50 51
