29 273
1 4
1 6
1 7
1 8
1 10
1 11
1 13
1 14
1 16
1 17
1 18
1 21
1 23
1 27
1 29
2 3
2 5
2 7
2 8
2 9
2 10
2 14
2 16
2 17
2 18
2 19
2 20
2 21
2 22
2 23
2 24
2 25
2 26
2 29
3 4
3 5
3 6
3 7
3 8
3 9
3 10
3 12
3 15
3 16
3 18
3 19
3 21
3 23
3 24
3 28
4 5
4 6
4 9
4 11
4 12
4 13
4 14
4 17
4 18
4 19
4 21
4 22
4 25
4 26
4 27
4 28
5 6
5 7
5 9
5 10
5 13
5 15
5 18
5 19
5 20
5 22
5 24
5 26
5 28
6 7
6 8
6 10
6 11
6 12
6 13
6 14
6 15
6 16
6 19
6 20
6 23
6 24
6 25
6 27
6 28
6 29
7 9
7 10
7 13
7 14
7 15
7 20
7 21
7 23
7 25
7 26
7 27
7 28
7 29
8 9
8 10
8 13
8 14
8 15
8 16
8 17
8 18
8 20
8 23
8 24
8 25
8 26
8 27
9 10
9 11
9 12
9 16
9 18
9 19
9 20
9 21
9 22
9 23
9 25
9 26
9 27
9 28
10 12
10 13
10 14
10 16
10 17
10 21
10 22
10 23
10 24
10 25
10 27
10 28
11 12
11 13
11 14
11 15
11 16
11 17
11 18
11 19
11 20
11 21
11 22
11 24
11 25
11 26
11 27
11 28
11 29
12 13
12 14
12 15
12 16
12 17
12 19
12 21
12 23
12 24
12 25
12 28
12 29
13 15
13 16
13 18
13 20
13 22
13 24
13 25
13 26
13 27
13 28
13 29
14 16
14 17
14 18
14 19
14 21
14 22
14 23
14 24
14 26
14 27
14 29
15 16
15 17
15 18
15 20
15 21
15 22
15 23
15 24
15 26
15 27
15 29
16 17
16 19
16 20
16 21
16 23
16 24
16 25
16 26
16 27
17 18
17 19
17 21
17 25
17 28
17 29
18 19
18 20
18 21
18 22
18 23
18 24
18 26
18 27
18 29
19 20
19 21
19 22
19 23
19 24
19 26
19 27
19 28
20 22
20 23
20 24
20 25
20 28
21 22
21 23
21 24
21 25
21 26
21 27
22 23
22 26
22 28
23 24
23 26
23 27
23 28
24 25
24 26
24 28
24 29
25 26
25 28
25 29
26 27
26 28
27 28
27 29
28 29
