22 167
1 3
1 4
1 5
1 7
1 8
1 10
1 14
1 15
1 17
1 20
1 21
2 6
2 9
2 10
2 11
2 13
2 14
2 15
2 17
2 18
2 19
2 22
3 5
3 6
3 8
3 10
3 11
3 12
3 13
3 14
3 15
3 16
3 17
3 19
3 20
3 21
3 22
4 6
4 7
4 8
4 9
4 10
4 11
4 12
4 13
4 14
4 16
4 19
4 21
4 22
5 6
5 7
5 8
5 9
5 11
5 16
5 17
5 18
5 20
5 21
5 22
6 7
6 8
6 10
6 11
6 12
6 13
6 14
6 16
6 17
6 18
6 19
6 21
6 22
7 8
7 9
7 12
7 14
7 15
7 16
7 17
7 18
7 19
7 20
7 21
7 22
8 9
8 10
8 11
8 13
8 14
8 15
8 17
8 18
8 19
8 20
8 21
8 22
9 10
9 13
9 14
9 17
9 18
9 19
9 20
9 21
9 22
10 11
10 12
10 13
10 14
10 15
10 16
10 17
10 18
10 21
10 22
11 12
11 13
11 14
11 16
11 17
11 18
11 20
11 22
12 13
12 15
12 16
12 17
12 18
12 19
12 21
12 22
13 14
13 15
13 17
13 19
13 20
13 21
13 22
14 15
14 17
14 19
14 20
14 21
14 22
15 16
15 17
15 20
15 21
15 22
16 17
16 18
16 19
16 20
16 21
16 22
17 18
17 19
17 20
17 22
18 19
18 21
18 22
20 21
20 22
21 22
