39 521
1 2
1 5
1 6
1 9
1 10
1 11
1 13
1 15
1 16
1 18
1 19
1 20
1 23
1 24
1 25
1 26
1 27
1 29
1 32
1 33
1 34
1 35
1 37
1 38
1 39
2 3
2 4
2 5
2 6
2 7
2 8
2 10
2 11
2 12
2 13
2 15
2 17
2 19
2 21
2 22
2 24
2 26
2 27
2 28
2 29
2 31
2 32
2 33
2 35
2 38
2 39
3 5
3 6
3 7
3 9
3 10
3 11
3 12
3 14
3 16
3 17
3 18
3 20
3 21
3 24
3 25
3 26
3 28
3 29
3 30
3 31
3 32
3 33
3 34
3 35
3 36
3 37
3 38
4 5
4 8
4 9
4 10
4 11
4 12
4 13
4 16
4 17
4 20
4 21
4 22
4 23
4 24
4 25
4 26
4 27
4 28
4 29
4 31
4 32
4 33
4 35
4 37
4 39
5 6
5 7
5 8
5 9
5 13
5 14
5 16
5 17
5 20
5 21
5 23
5 26
5 27
5 32
5 33
5 34
5 35
5 37
5 38
6 7
6 8
6 9
6 11
6 13
6 15
6 16
6 18
6 19
6 20
6 21
6 23
6 24
6 25
6 26
6 28
6 30
6 31
6 33
6 34
6 36
6 37
6 39
7 8
7 9
7 10
7 12
7 14
7 17
7 18
7 19
7 20
7 21
7 23
7 24
7 25
7 27
7 28
7 29
7 33
7 34
7 35
7 36
7 37
7 38
7 39
8 9
8 10
8 11
8 12
8 13
8 14
8 15
8 17
8 18
8 22
8 27
8 28
8 29
8 30
8 31
8 32
8 34
8 35
8 37
8 38
8 39
9 11
9 12
9 13
9 14
9 15
9 16
9 17
9 18
9 19
9 20
9 22
9 23
9 24
9 25
9 26
9 27
9 28
9 29
9 30
9 32
9 33
9 34
9 35
9 36
9 37
9 38
9 39
10 11
10 12
10 13
10 14
10 15
10 16
10 18
10 20
10 22
10 24
10 27
10 28
10 29
10 31
10 32
10 33
10 34
10 35
10 36
10 37
10 38
10 39
11 12
11 13
11 14
11 15
11 16
11 17
11 18
11 20
11 21
11 22
11 24
11 26
11 28
11 29
11 30
11 32
11 34
11 35
11 38
11 39
12 13
12 14
12 15
12 17
12 19
12 20
12 22
12 23
12 24
12 28
12 29
12 30
12 35
12 36
12 37
12 38
12 39
13 15
13 16
13 17
13 19
13 21
13 22
13 25
13 26
13 27
13 28
13 29
13 31
13 32
13 33
13 34
13 35
13 36
13 37
13 38
13 39
14 15
14 16
14 17
14 18
14 20
14 21
14 22
14 23
14 24
14 25
14 26
14 27
14 29
14 31
14 32
14 33
14 36
14 37
14 38
14 39
15 16
15 17
15 18
15 20
15 22
15 23
15 24
15 25
15 26
15 27
15 28
15 29
15 30
15 32
15 33
15 34
15 36
15 37
15 39
16 17
16 18
16 19
16 20
16 21
16 22
16 23
16 25
16 28
16 29
16 30
16 31
16 33
16 35
16 36
16 38
16 39
17 18
17 19
17 20
17 22
17 23
17 24
17 27
17 28
17 29
17 30
17 32
17 33
17 34
17 36
17 37
17 38
17 39
18 20
18 22
18 25
18 26
18 27
18 28
18 30
18 31
18 32
18 33
18 34
18 36
18 37
18 39
19 21
19 23
19 24
19 25
19 28
19 29
19 31
19 32
19 34
19 35
19 36
19 37
19 38
19 39
20 22
20 23
20 24
20 25
20 26
20 27
20 28
20 29
20 32
20 33
20 34
20 35
20 37
20 38
20 39
21 24
21 25
21 26
21 27
21 28
21 29
21 30
21 31
21 32
21 33
21 35
21 36
21 37
21 39
22 24
22 28
22 30
22 31
22 32
22 33
22 34
22 35
22 36
22 37
22 38
22 39
23 24
23 25
23 26
23 27
23 29
23 32
23 34
23 35
23 36
23 37
23 39
24 25
24 29
24 30
24 32
24 33
24 34
24 35
24 37
24 38
24 39
25 27
25 28
25 29
25 31
25 33
25 36
25 37
25 39
26 28
26 30
26 31
26 32
26 33
26 34
26 35
26 36
27 29
27 30
27 31
27 32
27 33
27 34
27 37
27 38
28 29
28 32
28 33
28 34
28 36
28 37
28 38
28 39
29 31
29 32
29 33
30 31
30 32
30 34
30 36
30 37
30 38
31 32
31 33
31 36
31 37
31 38
32 33
32 34
32 35
32 37
32 38
33 34
33 35
33 36
33 37
33 39
34 35
34 37
34 39
35 38
36 37
36 38
37 38
