26 230
1 2
1 3
1 4
1 8
1 9
1 10
1 11
1 12
1 13
1 14
1 15
1 16
1 17
1 18
1 20
1 21
1 23
1 25
2 3
2 5
2 6
2 7
2 9
2 10
2 11
2 12
2 13
2 14
2 16
2 17
2 18
2 20
2 21
2 23
2 24
2 25
2 26
3 6
3 7
3 8
3 9
3 10
3 11
3 12
3 13
3 14
3 15
3 16
3 17
3 19
3 20
3 21
3 22
3 25
3 26
4 6
4 7
4 10
4 11
4 12
4 13
4 15
4 16
4 17
4 18
4 20
4 21
4 22
4 23
4 24
4 25
5 6
5 7
5 8
5 9
5 11
5 12
5 15
5 18
5 20
5 21
5 23
5 24
6 7
6 8
6 10
6 11
6 12
6 13
6 15
6 16
6 21
6 23
6 25
6 26
7 9
7 10
7 11
7 14
7 15
7 17
7 18
7 20
7 23
7 24
7 25
7 26
8 9
8 11
8 15
8 16
8 17
8 20
8 21
8 22
8 23
8 26
9 10
9 11
9 12
9 13
9 14
9 15
9 18
9 19
9 20
9 21
9 22
9 23
9 26
10 13
10 14
10 16
10 17
10 18
10 19
10 20
10 21
10 22
10 23
10 24
11 12
11 13
11 14
11 15
11 16
11 18
11 19
11 20
11 21
11 22
11 23
11 24
11 25
12 13
12 14
12 16
12 17
12 18
12 19
12 20
12 21
12 22
12 23
12 24
12 25
13 15
13 17
13 18
13 19
13 21
13 22
13 23
13 24
13 25
14 15
14 16
14 17
14 18
14 20
14 22
14 24
14 25
14 26
15 16
15 18
15 19
15 20
15 22
15 24
15 25
16 17
16 19
16 20
16 21
16 22
16 23
16 24
16 26
17 18
17 19
17 20
17 21
17 22
17 23
17 25
17 26
18 19
18 20
18 21
18 22
18 23
18 24
18 25
19 20
19 24
19 25
19 26
20 21
20 22
20 25
20 26
21 23
21 24
22 23
22 26
23 24
23 25
23 26
25 26
