26 222
1 2
1 3
1 5
1 9
1 10
1 11
1 12
1 16
1 17
1 18
1 20
1 21
1 22
1 23
1 24
1 25
2 3
2 4
2 5
2 7
2 8
2 10
2 13
2 15
2 16
2 18
2 22
2 24
2 25
3 4
3 5
3 7
3 11
3 12
3 13
3 14
3 17
3 18
3 19
3 20
3 21
3 22
3 26
4 5
4 6
4 9
4 11
4 13
4 14
4 16
4 17
4 19
4 20
4 22
4 24
4 25
5 6
5 7
5 8
5 12
5 13
5 15
5 16
5 17
5 20
5 21
5 23
5 24
5 25
5 26
6 7
6 8
6 9
6 10
6 12
6 13
6 14
6 15
6 17
6 18
6 21
6 24
6 25
6 26
7 9
7 10
7 11
7 13
7 14
7 15
7 16
7 17
7 19
7 20
7 21
7 22
7 23
7 26
8 9
8 10
8 11
8 12
8 13
8 15
8 16
8 18
8 20
8 21
8 23
8 24
8 25
8 26
9 11
9 12
9 13
9 14
9 15
9 16
9 17
9 18
9 19
9 21
9 23
9 24
10 11
10 12
10 15
10 16
10 17
10 18
10 19
10 20
10 22
10 24
10 25
10 26
11 12
11 13
11 14
11 15
11 16
11 17
11 19
11 20
11 22
11 23
11 24
11 25
11 26
12 15
12 16
12 17
12 18
12 19
12 20
12 21
12 22
12 23
12 24
12 26
13 15
13 16
13 17
13 19
13 20
13 21
13 22
13 23
13 26
14 16
14 19
14 20
14 22
14 23
14 25
14 26
15 16
15 17
15 18
15 20
15 21
15 22
15 23
15 24
15 25
15 26
16 17
16 18
16 19
16 21
16 22
16 24
17 18
17 21
17 22
17 23
17 25
18 19
18 20
18 21
18 22
18 23
18 24
18 26
19 20
19 21
19 23
19 24
19 25
19 26
20 22
20 24
20 25
21 24
21 26
22 23
22 25
23 24
23 25
23 26
24 26
25 26
