33 352
1 2
1 3
1 4
1 5
1 7
1 8
1 9
1 10
1 11
1 12
1 13
1 14
1 15
1 16
1 17
1 19
1 20
1 21
1 22
1 23
1 24
1 25
1 26
1 27
1 30
1 32
2 3
2 4
2 5
2 6
2 7
2 9
2 12
2 13
2 15
2 16
2 17
2 18
2 19
2 20
2 21
2 22
2 23
2 24
2 29
2 30
2 31
2 32
3 5
3 6
3 10
3 11
3 12
3 13
3 15
3 16
3 17
3 18
3 20
3 22
3 25
3 27
3 28
3 29
3 30
3 31
3 32
4 5
4 6
4 8
4 9
4 10
4 12
4 13
4 15
4 16
4 17
4 18
4 19
4 20
4 21
4 22
4 23
4 24
4 25
4 26
4 27
4 28
4 30
4 31
4 32
4 33
5 11
5 13
5 14
5 15
5 18
5 19
5 21
5 22
5 23
5 26
5 27
5 30
5 31
6 7
6 8
6 9
6 11
6 12
6 13
6 16
6 17
6 18
6 19
6 20
6 21
6 22
6 25
6 28
6 31
6 32
6 33
7 8
7 10
7 11
7 12
7 14
7 17
7 18
7 19
7 23
7 24
7 25
7 26
7 27
7 29
7 31
7 32
8 9
8 10
8 11
8 13
8 14
8 17
8 18
8 20
8 22
8 23
8 25
8 28
8 29
8 30
8 31
8 32
9 12
9 15
9 16
9 17
9 18
9 21
9 22
9 23
9 27
9 28
9 29
9 30
9 31
10 11
10 12
10 15
10 16
10 18
10 20
10 21
10 22
10 23
10 24
10 25
10 26
10 27
10 28
10 30
10 31
10 32
10 33
11 14
11 15
11 16
11 17
11 18
11 19
11 21
11 22
11 24
11 25
11 27
11 28
11 29
11 32
11 33
12 13
12 14
12 15
12 17
12 18
12 19
12 20
12 21
12 22
12 23
12 24
12 25
12 26
12 27
12 30
12 31
12 32
12 33
13 15
13 16
13 17
13 19
13 22
13 26
13 28
13 32
13 33
14 15
14 16
14 17
14 18
14 19
14 20
14 21
14 22
14 23
14 25
14 27
14 29
14 30
14 32
14 33
15 16
15 17
15 18
15 19
15 21
15 22
15 23
15 24
15 25
15 26
15 27
15 29
15 30
15 31
15 32
15 33
16 17
16 18
16 20
16 21
16 23
16 24
16 25
16 27
16 30
16 31
17 18
17 21
17 23
17 24
17 27
17 29
17 30
17 32
18 19
18 23
18 24
18 25
18 26
18 27
18 28
18 31
18 32
18 33
19 20
19 21
19 22
19 23
19 26
19 27
19 29
19 31
19 33
20 23
20 24
20 28
20 29
20 31
20 32
20 33
21 22
21 23
21 25
21 27
21 30
21 31
21 32
21 33
22 23
22 25
22 26
22 30
22 31
22 33
23 25
23 26
23 27
23 28
23 29
23 32
23 33
24 26
24 27
24 28
24 31
24 32
24 33
25 27
25 28
25 29
25 31
25 32
25 33
26 27
26 30
26 31
27 28
27 29
27 30
27 31
27 32
28 29
28 33
29 33
30 31
30 32
31 32
31 33
32 33
