32 330
1 2
1 3
1 4
1 6
1 7
1 9
1 11
1 13
1 14
1 16
1 17
1 18
1 19
1 21
1 22
1 23
1 24
1 26
1 28
1 30
1 32
2 4
2 6
2 9
2 11
2 13
2 14
2 16
2 18
2 19
2 20
2 21
2 24
2 25
2 27
2 28
2 29
2 31
2 32
3 4
3 5
3 7
3 9
3 10
3 11
3 12
3 13
3 15
3 17
3 19
3 22
3 23
3 24
3 25
3 26
3 27
3 28
3 29
3 32
4 5
4 6
4 7
4 10
4 11
4 12
4 14
4 15
4 16
4 18
4 20
4 24
4 26
4 27
4 29
4 30
4 31
4 32
5 6
5 7
5 8
5 9
5 10
5 12
5 13
5 14
5 16
5 17
5 18
5 19
5 20
5 21
5 22
5 24
5 25
5 26
5 31
5 32
6 7
6 11
6 12
6 14
6 15
6 17
6 18
6 19
6 22
6 27
6 28
6 29
6 30
6 31
7 8
7 9
7 10
7 12
7 14
7 15
7 16
7 18
7 19
7 21
7 22
7 24
7 25
7 26
7 27
7 28
7 29
7 30
7 31
8 9
8 11
8 12
8 15
8 16
8 18
8 19
8 20
8 21
8 22
8 24
8 25
8 28
8 29
8 32
9 11
9 12
9 13
9 14
9 15
9 18
9 19
9 20
9 21
9 22
9 24
9 25
9 26
9 27
9 28
9 29
9 31
9 32
10 11
10 15
10 18
10 21
10 23
10 26
10 27
10 28
10 30
11 12
11 13
11 15
11 16
11 17
11 18
11 19
11 20
11 21
11 22
11 25
11 27
11 28
11 30
11 31
12 14
12 15
12 16
12 19
12 23
12 24
12 26
12 27
12 28
12 29
12 30
12 31
12 32
13 14
13 15
13 16
13 19
13 22
13 23
13 24
13 25
13 26
13 27
13 28
13 29
13 30
13 31
13 32
14 15
14 17
14 19
14 20
14 21
14 22
14 23
14 25
14 26
14 28
14 29
14 30
14 31
15 16
15 17
15 19
15 20
15 21
15 22
15 23
15 24
15 26
15 31
16 18
16 19
16 22
16 23
16 24
16 25
16 26
16 28
16 29
17 18
17 20
17 21
17 22
17 24
17 25
17 27
17 28
17 29
17 30
17 31
17 32
18 20
18 21
18 23
18 25
18 26
18 28
18 29
18 31
18 32
19 20
19 21
19 22
19 25
19 27
19 28
19 29
19 30
20 21
20 22
20 23
20 26
20 28
20 31
21 23
21 24
21 25
21 28
21 30
21 31
22 23
22 24
22 25
22 28
22 29
22 31
22 32
23 24
23 25
23 26
23 27
23 28
23 29
23 30
23 31
23 32
24 25
24 26
24 27
24 30
25 26
25 27
25 28
25 29
25 30
25 32
26 27
26 28
26 29
26 30
26 31
27 29
27 30
28 29
28 30
28 31
28 32
29 30
29 32
30 31
30 32
31 32
