47 748
1 2
1 3
1 4
1 5
1 6
1 7
1 9
1 10
1 11
1 12
1 13
1 14
1 15
1 17
1 18
1 19
1 20
1 21
1 22
1 24
1 25
1 27
1 28
1 29
1 30
1 32
1 33
1 35
1 38
1 40
1 41
1 42
1 44
1 45
1 47
2 3
2 4
2 5
2 6
2 7
2 8
2 9
2 12
2 14
2 15
2 17
2 18
2 19
2 21
2 22
2 23
2 24
2 25
2 27
2 31
2 32
2 35
2 36
2 37
2 38
2 40
2 41
2 42
2 43
2 44
2 45
2 46
3 4
3 5
3 8
3 9
3 10
3 11
3 14
3 15
3 16
3 18
3 20
3 21
3 22
3 23
3 24
3 25
3 27
3 30
3 31
3 32
3 33
3 34
3 36
3 37
3 39
3 42
3 43
3 44
3 46
3 47
4 5
4 7
4 8
4 9
4 10
4 11
4 12
4 15
4 16
4 17
4 19
4 20
4 22
4 23
4 24
4 26
4 28
4 29
4 30
4 32
4 33
4 34
4 35
4 38
4 42
4 43
4 45
5 6
5 8
5 9
5 11
5 13
5 15
5 16
5 17
5 18
5 19
5 20
5 21
5 22
5 26
5 27
5 29
5 31
5 32
5 33
5 34
5 35
5 38
5 39
5 41
5 42
5 43
5 44
5 45
5 46
6 7
6 9
6 10
6 14
6 15
6 16
6 17
6 18
6 22
6 23
6 24
6 25
6 27
6 29
6 30
6 34
6 36
6 37
6 39
6 40
6 42
6 43
6 44
6 46
6 47
7 8
7 9
7 10
7 11
7 12
7 13
7 15
7 17
7 18
7 20
7 21
7 22
7 25
7 28
7 29
7 30
7 34
7 35
7 36
7 38
7 41
7 43
7 45
7 46
7 47
8 11
8 12
8 14
8 16
8 17
8 18
8 19
8 20
8 21
8 26
8 28
8 29
8 30
8 32
8 34
8 35
8 36
8 39
8 40
8 41
8 42
8 43
8 44
8 46
9 10
9 11
9 12
9 14
9 16
9 19
9 20
9 21
9 22
9 23
9 26
9 27
9 29
9 30
9 32
9 34
9 35
9 37
9 38
9 40
9 41
9 42
9 43
10 11
10 12
10 13
10 15
10 17
10 18
10 21
10 22
10 24
10 27
10 28
10 31
10 32
10 33
10 34
10 35
10 36
10 37
10 38
10 39
10 40
10 41
10 42
10 43
10 44
10 46
10 47
11 12
11 13
11 15
11 16
11 19
11 21
11 23
11 24
11 25
11 26
11 28
11 29
11 31
11 33
11 34
11 35
11 36
11 38
11 39
11 40
11 41
11 43
11 44
11 45
11 47
12 13
12 14
12 15
12 16
12 17
12 18
12 19
12 21
12 23
12 24
12 25
12 26
12 27
12 28
12 29
12 30
12 31
12 32
12 33
12 34
12 35
12 36
12 37
12 39
12 40
12 43
12 44
12 45
12 46
13 16
13 17
13 18
13 19
13 20
13 21
13 22
13 23
13 24
13 25
13 26
13 27
13 28
13 29
13 31
13 32
13 33
13 34
13 36
13 38
13 40
13 41
13 42
13 43
13 46
14 15
14 16
14 17
14 18
14 19
14 21
14 22
14 23
14 27
14 28
14 29
14 30
14 31
14 32
14 33
14 34
14 35
14 36
14 37
14 39
14 44
14 45
15 18
15 21
15 22
15 23
15 25
15 27
15 28
15 29
15 30
15 31
15 32
15 35
15 37
15 38
15 39
15 42
15 44
15 45
15 46
15 47
16 18
16 19
16 20
16 21
16 22
16 23
16 26
16 27
16 28
16 29
16 31
16 33
16 34
16 36
16 37
16 38
16 39
16 41
16 42
16 43
16 44
16 45
16 46
17 18
17 19
17 20
17 24
17 25
17 28
17 29
17 30
17 31
17 32
17 33
17 34
17 35
17 36
17 38
17 39
17 41
17 42
17 43
17 44
17 45
18 19
18 20
18 21
18 22
18 23
18 24
18 25
18 26
18 29
18 30
18 33
18 34
18 36
18 37
18 38
18 39
18 40
18 41
18 42
18 46
18 47
19 20
19 22
19 24
19 25
19 27
19 28
19 29
19 30
19 31
19 32
19 33
19 35
19 36
19 37
19 38
19 39
19 40
19 41
19 43
19 45
19 46
20 23
20 26
20 27
20 28
20 30
20 32
20 33
20 34
20 36
20 37
20 38
20 40
20 41
20 42
20 43
20 44
20 45
20 46
20 47
21 22
21 23
21 24
21 25
21 26
21 28
21 29
21 30
21 31
21 32
21 33
21 34
21 36
21 37
21 38
21 39
21 40
21 41
21 42
21 43
21 45
21 46
21 47
22 23
22 25
22 28
22 29
22 34
22 35
22 36
22 37
22 40
22 41
22 42
22 44
22 45
22 46
22 47
23 24
23 25
23 26
23 27
23 28
23 29
23 31
23 32
23 33
23 34
23 35
23 37
23 39
23 40
23 41
23 43
23 44
23 46
24 25
24 26
24 28
24 30
24 31
24 33
24 34
24 35
24 36
24 39
24 40
24 41
24 42
24 43
24 44
24 45
25 26
25 27
25 29
25 30
25 31
25 32
25 33
25 36
25 38
25 40
25 41
25 42
25 43
25 44
25 45
25 46
25 47
26 27
26 28
26 29
26 30
26 31
26 32
26 33
26 34
26 35
26 39
26 40
26 41
26 42
26 44
26 45
27 28
27 29
27 30
27 31
27 33
27 34
27 36
27 37
27 38
27 39
27 41
27 44
27 46
27 47
28 29
28 30
28 31
28 33
28 35
28 37
28 39
28 40
28 42
28 45
29 30
29 31
29 34
29 35
29 36
29 37
29 39
29 40
29 42
29 43
29 44
29 45
29 47
30 33
30 34
30 35
30 36
30 39
30 40
30 42
30 43
30 44
30 46
30 47
31 32
31 33
31 34
31 35
31 36
31 39
31 40
31 42
31 43
31 47
32 33
32 35
32 36
32 37
32 38
32 40
32 41
32 42
32 43
32 44
32 45
32 46
33 34
33 37
33 38
33 43
33 44
33 45
33 46
34 35
34 36
34 40
34 41
34 42
34 43
34 44
34 46
34 47
35 36
35 37
35 38
35 39
35 40
35 43
35 45
35 46
36 38
36 40
36 41
36 42
36 43
36 44
36 45
36 46
36 47
37 38
37 39
37 40
37 41
37 42
37 44
37 45
37 47
38 39
38 40
38 42
38 46
38 47
39 40
39 41
39 42
39 43
39 45
40 41
40 42
40 43
40 44
40 45
40 47
41 44
41 45
41 46
41 47
42 44
42 45
42 47
43 45
43 46
44 45
44 46
44 47
45 46
45 47
