57 1101
1 2
1 3
1 4
1 5
1 6
1 8
1 9
1 12
1 14
1 16
1 17
1 18
1 20
1 21
1 22
1 23
1 24
1 25
1 26
1 27
1 29
1 31
1 33
1 34
1 36
1 40
1 41
1 42
1 43
1 44
1 45
1 46
1 49
1 50
1 54
1 56
1 57
2 4
2 5
2 8
2 9
2 10
2 11
2 12
2 13
2 15
2 17
2 18
2 19
2 20
2 22
2 23
2 24
2 25
2 26
2 27
2 28
2 29
2 30
2 31
2 32
2 33
2 37
2 38
2 39
2 40
2 42
2 43
2 45
2 46
2 47
2 49
2 50
2 51
2 52
2 54
3 4
3 5
3 6
3 7
3 8
3 11
3 12
3 13
3 14
3 15
3 16
3 17
3 20
3 21
3 22
3 27
3 28
3 29
3 30
3 31
3 32
3 34
3 35
3 36
3 37
3 38
3 39
3 40
3 42
3 43
3 44
3 45
3 46
3 49
3 54
3 56
3 57
4 5
4 6
4 7
4 10
4 11
4 12
4 13
4 15
4 16
4 17
4 18
4 20
4 21
4 22
4 23
4 24
4 25
4 28
4 29
4 30
4 31
4 32
4 33
4 34
4 36
4 37
4 39
4 40
4 42
4 43
4 44
4 45
4 47
4 48
4 51
4 52
4 54
4 56
4 57
5 6
5 7
5 8
5 9
5 10
5 11
5 12
5 13
5 14
5 15
5 18
5 20
5 21
5 22
5 23
5 24
5 25
5 26
5 27
5 28
5 29
5 34
5 35
5 36
5 37
5 39
5 40
5 41
5 42
5 44
5 45
5 46
5 47
5 49
5 50
5 51
5 52
5 53
5 54
5 55
5 56
5 57
6 8
6 9
6 11
6 13
6 14
6 16
6 17
6 18
6 19
6 20
6 21
6 22
6 24
6 25
6 26
6 27
6 28
6 30
6 31
6 33
6 34
6 35
6 38
6 42
6 43
6 44
6 45
6 46
6 48
6 49
6 50
6 51
6 52
6 53
6 54
6 55
6 56
7 8
7 9
7 10
7 11
7 15
7 16
7 19
7 20
7 22
7 23
7 24
7 26
7 27
7 28
7 29
7 31
7 32
7 33
7 34
7 35
7 36
7 37
7 38
7 39
7 40
7 43
7 44
7 46
7 47
7 49
7 51
7 52
7 53
7 55
7 56
7 57
8 10
8 11
8 12
8 13
8 14
8 15
8 17
8 18
8 20
8 21
8 24
8 25
8 26
8 28
8 30
8 31
8 32
8 33
8 34
8 35
8 36
8 39
8 40
8 41
8 43
8 44
8 45
8 47
8 48
8 51
8 53
8 54
8 57
9 10
9 11
9 12
9 13
9 14
9 16
9 18
9 20
9 22
9 23
9 24
9 25
9 27
9 28
9 29
9 30
9 31
9 34
9 35
9 36
9 38
9 40
9 41
9 43
9 44
9 47
9 48
9 49
9 50
9 51
9 52
9 53
9 55
9 56
10 11
10 12
10 13
10 14
10 16
10 18
10 19
10 21
10 23
10 24
10 28
10 29
10 30
10 31
10 34
10 37
10 39
10 40
10 41
10 42
10 44
10 45
10 46
10 47
10 48
10 49
10 50
10 51
10 52
10 53
10 54
10 56
10 57
11 13
11 14
11 16
11 17
11 18
11 19
11 21
11 22
11 23
11 24
11 25
11 28
11 29
11 30
11 31
11 32
11 33
11 35
11 39
11 41
11 42
11 44
11 45
11 48
11 50
11 51
11 52
11 53
11 54
12 13
12 15
12 16
12 17
12 19
12 21
12 23
12 25
12 29
12 31
12 33
12 34
12 35
12 36
12 38
12 39
12 41
12 43
12 44
12 45
12 46
12 47
12 48
12 49
12 50
12 51
12 52
12 53
12 54
12 55
12 56
12 57
13 14
13 15
13 16
13 17
13 18
13 22
13 23
13 25
13 26
13 27
13 28
13 30
13 31
13 32
13 33
13 34
13 35
13 36
13 37
13 38
13 40
13 41
13 43
13 44
13 45
13 46
13 47
13 49
13 52
13 54
13 55
14 15
14 16
14 17
14 18
14 19
14 21
14 25
14 27
14 28
14 29
14 30
14 31
14 32
14 33
14 35
14 37
14 38
14 39
14 40
14 41
14 43
14 44
14 46
14 48
14 49
14 51
14 52
14 55
14 56
14 57
15 17
15 18
15 20
15 21
15 22
15 24
15 25
15 26
15 27
15 30
15 31
15 33
15 34
15 36
15 37
15 38
15 39
15 41
15 42
15 43
15 46
15 48
15 49
15 51
15 52
15 56
16 17
16 19
16 20
16 22
16 24
16 26
16 28
16 30
16 31
16 32
16 34
16 35
16 39
16 40
16 41
16 43
16 45
16 46
16 47
16 48
16 49
16 50
16 51
16 53
16 55
16 56
16 57
17 18
17 20
17 21
17 22
17 23
17 24
17 25
17 26
17 27
17 28
17 30
17 31
17 32
17 35
17 36
17 37
17 38
17 41
17 45
17 46
17 47
17 48
17 50
17 51
17 52
17 53
17 54
17 55
17 56
18 21
18 22
18 24
18 25
18 26
18 28
18 29
18 30
18 31
18 34
18 38
18 39
18 40
18 41
18 42
18 43
18 45
18 47
18 48
18 51
18 52
18 53
18 54
18 56
18 57
19 21
19 25
19 26
19 27
19 28
19 29
19 30
19 32
19 33
19 34
19 36
19 38
19 39
19 41
19 42
19 44
19 46
19 47
19 52
19 53
19 54
19 55
19 57
20 21
20 22
20 23
20 24
20 26
20 28
20 30
20 31
20 33
20 34
20 35
20 36
20 37
20 38
20 39
20 40
20 41
20 42
20 43
20 45
20 48
20 49
20 52
20 53
20 55
20 56
21 25
21 26
21 27
21 28
21 29
21 30
21 31
21 32
21 33
21 34
21 36
21 38
21 39
21 40
21 42
21 44
21 48
21 49
21 50
21 51
21 52
21 55
21 56
21 57
22 23
22 24
22 25
22 26
22 27
22 28
22 29
22 30
22 31
22 32
22 34
22 35
22 37
22 38
22 39
22 41
22 42
22 43
22 47
22 48
22 51
22 52
22 54
22 55
22 56
23 24
23 26
23 27
23 29
23 30
23 31
23 33
23 34
23 35
23 36
23 37
23 38
23 43
23 44
23 45
23 49
23 50
23 52
23 53
23 54
23 55
23 56
23 57
24 25
24 26
24 27
24 28
24 29
24 30
24 31
24 34
24 35
24 38
24 39
24 40
24 42
24 43
24 47
24 48
24 50
24 51
24 53
24 55
24 57
25 26
25 27
25 29
25 30
25 32
25 33
25 35
25 36
25 37
25 38
25 39
25 40
25 41
25 44
25 45
25 47
25 48
25 49
25 50
25 52
25 53
25 55
25 56
25 57
26 27
26 28
26 30
26 31
26 32
26 33
26 34
26 35
26 36
26 37
26 38
26 39
26 40
26 41
26 42
26 45
26 46
26 47
26 49
26 50
26 51
26 52
26 53
26 56
27 28
27 29
27 30
27 31
27 33
27 34
27 35
27 36
27 38
27 41
27 42
27 43
27 44
27 45
27 47
27 48
27 50
27 52
27 53
27 55
27 56
28 29
28 30
28 32
28 33
28 34
28 37
28 38
28 39
28 41
28 42
28 44
28 45
28 47
28 48
28 49
28 50
28 52
28 54
28 55
28 57
29 31
29 32
29 34
29 36
29 37
29 38
29 39
29 40
29 42
29 43
29 46
29 48
29 52
29 53
29 54
29 55
29 56
30 31
30 32
30 33
30 35
30 36
30 37
30 40
30 41
30 42
30 44
30 45
30 46
30 47
30 48
30 49
30 50
30 52
30 55
30 57
31 32
31 33
31 34
31 35
31 36
31 37
31 38
31 40
31 42
31 43
31 46
31 47
31 49
31 50
31 51
31 52
31 53
31 54
31 55
31 56
31 57
32 34
32 35
32 36
32 37
32 38
32 40
32 43
32 44
32 45
32 47
32 49
32 50
32 51
32 54
32 55
32 56
33 34
33 35
33 37
33 38
33 39
33 40
33 42
33 46
33 49
33 50
33 51
33 52
33 54
33 57
34 35
34 36
34 40
34 41
34 42
34 44
34 46
34 48
34 50
34 51
34 52
34 53
34 55
34 56
34 57
35 36
35 39
35 40
35 41
35 43
35 45
35 46
35 47
35 48
35 50
35 51
35 52
35 55
36 39
36 41
36 42
36 45
36 47
36 48
36 49
36 51
36 53
36 55
36 57
37 38
37 39
37 40
37 44
37 45
37 46
37 47
37 48
37 50
37 52
37 53
37 54
37 56
37 57
38 39
38 40
38 42
38 43
38 44
38 45
38 46
38 47
38 48
38 49
38 50
38 51
38 53
38 54
38 55
39 40
39 42
39 43
39 44
39 45
39 46
39 47
39 49
39 50
39 53
39 55
39 56
39 57
40 42
40 43
40 44
40 46
40 47
40 49
40 50
40 51
40 54
40 55
40 57
41 43
41 45
41 47
41 49
41 50
41 51
41 53
41 55
41 56
42 44
42 46
42 47
42 48
42 50
42 51
42 52
42 53
42 57
43 44
43 45
43 46
43 48
43 49
43 50
43 52
43 53
43 54
43 55
43 57
44 45
44 47
44 48
44 49
44 50
44 51
44 54
44 56
44 57
45 46
45 49
45 50
45 51
45 53
45 54
45 55
45 56
45 57
46 47
46 48
46 50
46 53
46 54
46 55
46 56
46 57
47 48
47 50
47 51
47 52
47 53
47 54
47 55
47 57
48 49
48 51
48 52
48 53
48 54
48 56
48 57
49 51
49 52
49 53
49 55
49 56
49 57
50 51
50 52
50 54
50 55
50 56
50 57
51 53
51 54
51 56
52 53
52 54
52 57
53 54
53 55
53 57
54 55
54 56
54 57
55 57
