62 1339
1 2
1 4
1 5
1 6
1 7
1 8
1 9
1 10
1 11
1 12
1 13
1 15
1 17
1 19
1 20
1 21
1 22
1 24
1 25
1 26
1 27
1 29
1 32
1 33
1 34
1 35
1 36
1 38
1 39
1 40
1 41
1 42
1 43
1 47
1 48
1 50
1 51
1 53
1 54
1 55
1 57
1 58
1 59
1 61
1 62
2 3
2 5
2 8
2 9
2 11
2 12
2 13
2 14
2 15
2 16
2 17
2 18
2 19
2 20
2 23
2 25
2 27
2 28
2 29
2 30
2 31
2 32
2 33
2 36
2 37
2 38
2 39
2 40
2 42
2 43
2 45
2 46
2 48
2 49
2 50
2 51
2 52
2 53
2 54
2 55
2 56
2 57
2 58
2 59
2 62
3 5
3 7
3 8
3 9
3 10
3 11
3 12
3 13
3 16
3 17
3 18
3 20
3 22
3 23
3 25
3 26
3 27
3 28
3 29
3 30
3 31
3 32
3 33
3 36
3 37
3 38
3 39
3 40
3 41
3 42
3 44
3 46
3 49
3 50
3 51
3 52
3 54
3 55
3 56
3 57
3 59
3 61
3 62
4 5
4 6
4 7
4 8
4 9
4 10
4 11
4 13
4 14
4 15
4 18
4 20
4 23
4 24
4 25
4 26
4 29
4 30
4 31
4 33
4 36
4 37
4 38
4 39
4 42
4 43
4 44
4 46
4 47
4 48
4 50
4 53
4 54
4 56
4 57
4 58
4 61
4 62
5 7
5 10
5 11
5 13
5 14
5 17
5 19
5 21
5 22
5 23
5 24
5 28
5 29
5 30
5 31
5 32
5 33
5 34
5 35
5 36
5 37
5 39
5 41
5 43
5 45
5 46
5 47
5 48
5 50
5 51
5 56
5 57
5 58
5 59
5 60
5 61
5 62
6 7
6 8
6 10
6 11
6 13
6 14
6 17
6 18
6 19
6 20
6 21
6 22
6 24
6 25
6 26
6 27
6 28
6 29
6 31
6 32
6 33
6 34
6 35
6 36
6 37
6 38
6 39
6 40
6 41
6 42
6 44
6 45
6 46
6 47
6 48
6 49
6 50
6 51
6 52
6 54
6 56
6 57
6 59
6 61
6 62
7 8
7 9
7 12
7 14
7 15
7 16
7 17
7 19
7 20
7 21
7 22
7 27
7 28
7 29
7 30
7 31
7 34
7 35
7 36
7 37
7 39
7 40
7 41
7 43
7 44
7 45
7 46
7 47
7 48
7 49
7 51
7 52
7 53
7 54
7 55
7 57
7 59
7 60
8 12
8 13
8 14
8 15
8 18
8 19
8 20
8 21
8 22
8 23
8 25
8 26
8 28
8 29
8 30
8 31
8 33
8 34
8 35
8 36
8 37
8 38
8 39
8 40
8 43
8 45
8 46
8 48
8 49
8 50
8 51
8 52
8 54
8 55
8 56
8 57
8 58
8 59
8 60
8 62
9 10
9 11
9 14
9 15
9 16
9 17
9 18
9 20
9 22
9 23
9 24
9 26
9 27
9 28
9 29
9 31
9 32
9 35
9 36
9 37
9 38
9 40
9 42
9 43
9 44
9 46
9 48
9 49
9 51
9 52
9 53
9 54
9 55
9 56
9 58
9 60
9 61
9 62
10 11
10 12
10 13
10 14
10 15
10 16
10 18
10 21
10 22
10 23
10 24
10 25
10 26
10 28
10 29
10 30
10 32
10 33
10 34
10 36
10 37
10 38
10 41
10 43
10 44
10 45
10 46
10 47
10 48
10 51
10 53
10 56
10 57
10 58
10 60
10 61
10 62
11 12
11 13
11 14
11 15
11 16
11 17
11 18
11 19
11 21
11 23
11 25
11 26
11 28
11 29
11 30
11 31
11 32
11 34
11 35
11 36
11 38
11 40
11 41
11 43
11 44
11 45
11 46
11 47
11 49
11 51
11 53
11 54
11 55
11 56
11 57
11 58
11 59
11 60
11 62
12 14
12 15
12 17
12 18
12 19
12 20
12 21
12 22
12 23
12 25
12 26
12 27
12 28
12 29
12 30
12 31
12 34
12 35
12 37
12 38
12 39
12 40
12 41
12 42
12 43
12 44
12 45
12 47
12 48
12 49
12 52
12 55
12 58
12 59
12 61
12 62
13 14
13 15
13 17
13 18
13 19
13 20
13 22
13 25
13 26
13 29
13 33
13 34
13 36
13 37
13 38
13 40
13 41
13 42
13 43
13 45
13 46
13 47
13 49
13 50
13 52
13 53
13 55
13 57
13 58
13 59
13 61
14 15
14 16
14 18
14 19
14 20
14 21
14 22
14 23
14 24
14 26
14 27
14 28
14 29
14 30
14 31
14 33
14 35
14 37
14 38
14 39
14 40
14 41
14 42
14 44
14 45
14 47
14 48
14 49
14 52
14 53
14 54
14 55
14 56
14 57
14 58
14 59
14 60
14 61
15 16
15 18
15 19
15 20
15 21
15 22
15 24
15 25
15 27
15 28
15 29
15 30
15 31
15 32
15 33
15 34
15 35
15 36
15 38
15 39
15 40
15 41
15 42
15 44
15 45
15 47
15 48
15 49
15 50
15 51
15 52
15 53
15 54
15 55
15 56
15 57
15 58
15 60
15 61
15 62
16 17
16 18
16 19
16 20
16 21
16 24
16 25
16 26
16 27
16 28
16 29
16 33
16 34
16 35
16 36
16 37
16 38
16 39
16 40
16 41
16 42
16 43
16 44
16 45
16 48
16 49
16 50
16 51
16 54
16 55
16 58
16 59
16 60
16 61
17 20
17 21
17 22
17 23
17 24
17 26
17 27
17 29
17 31
17 32
17 33
17 34
17 36
17 37
17 38
17 39
17 42
17 44
17 45
17 46
17 47
17 48
17 49
17 51
17 52
17 53
17 57
17 58
17 59
17 61
17 62
18 19
18 20
18 22
18 24
18 26
18 27
18 28
18 30
18 31
18 32
18 33
18 37
18 38
18 41
18 43
18 44
18 46
18 47
18 49
18 50
18 51
18 53
18 55
18 56
18 58
18 59
18 60
19 20
19 21
19 22
19 24
19 27
19 29
19 30
19 32
19 34
19 35
19 37
19 38
19 40
19 41
19 42
19 47
19 48
19 50
19 53
19 55
19 56
19 59
19 60
19 61
19 62
20 21
20 22
20 23
20 24
20 25
20 29
20 31
20 33
20 36
20 39
20 40
20 41
20 42
20 43
20 44
20 46
20 47
20 49
20 50
20 51
20 52
20 53
20 54
20 55
20 58
20 59
20 60
20 62
21 22
21 23
21 25
21 27
21 28
21 29
21 30
21 31
21 32
21 34
21 35
21 36
21 39
21 40
21 41
21 43
21 44
21 47
21 49
21 51
21 52
21 53
21 55
21 59
21 60
21 61
21 62
22 24
22 25
22 26
22 28
22 29
22 30
22 31
22 32
22 33
22 35
22 37
22 38
22 39
22 40
22 41
22 42
22 43
22 45
22 48
22 49
22 50
22 52
22 53
22 54
22 55
22 57
22 58
22 59
22 60
22 61
22 62
23 24
23 25
23 26
23 27
23 30
23 31
23 32
23 33
23 35
23 36
23 37
23 38
23 39
23 42
23 43
23 44
23 45
23 46
23 48
23 49
23 51
23 52
23 53
23 54
23 55
23 56
23 57
23 58
23 59
23 60
24 25
24 26
24 28
24 30
24 31
24 32
24 33
24 34
24 35
24 36
24 38
24 41
24 42
24 44
24 45
24 46
24 49
24 50
24 51
24 52
24 57
24 58
24 61
25 27
25 28
25 31
25 33
25 34
25 35
25 36
25 37
25 38
25 39
25 40
25 41
25 43
25 45
25 46
25 47
25 49
25 50
25 51
25 52
25 53
25 54
25 57
25 58
25 59
25 60
25 61
26 28
26 29
26 32
26 34
26 35
26 36
26 37
26 38
26 39
26 41
26 42
26 43
26 44
26 45
26 46
26 47
26 48
26 50
26 51
26 52
26 53
26 54
26 55
26 56
26 59
26 60
26 61
27 28
27 29
27 31
27 33
27 34
27 35
27 36
27 37
27 38
27 39
27 40
27 41
27 44
27 45
27 46
27 47
27 48
27 49
27 50
27 52
27 53
27 54
27 55
27 56
27 57
27 58
27 59
27 60
27 61
28 29
28 31
28 33
28 35
28 36
28 37
28 38
28 40
28 41
28 42
28 43
28 44
28 45
28 46
28 47
28 49
28 50
28 51
28 53
28 54
28 60
28 61
28 62
29 30
29 31
29 32
29 35
29 37
29 38
29 40
29 41
29 42
29 43
29 44
29 46
29 47
29 48
29 49
29 50
29 52
29 53
29 54
29 55
29 56
29 57
29 58
29 59
29 60
29 61
29 62
30 32
30 34
30 35
30 36
30 37
30 38
30 40
30 41
30 43
30 44
30 45
30 47
30 49
30 51
30 52
30 53
30 54
30 55
30 57
30 58
30 60
30 61
31 32
31 33
31 34
31 35
31 37
31 39
31 40
31 41
31 42
31 43
31 47
31 48
31 50
31 51
31 52
31 53
31 54
31 55
31 56
31 58
31 59
31 61
31 62
32 34
32 35
32 36
32 37
32 39
32 40
32 42
32 43
32 44
32 45
32 48
32 49
32 50
32 51
32 53
32 54
32 55
32 56
32 57
32 60
32 62
33 35
33 36
33 38
33 40
33 41
33 43
33 44
33 47
33 49
33 50
33 51
33 52
33 55
33 57
33 60
33 61
33 62
34 35
34 37
34 38
34 39
34 40
34 41
34 43
34 44
34 45
34 46
34 47
34 50
34 52
34 53
34 54
34 55
34 57
34 61
34 62
35 37
35 38
35 40
35 41
35 43
35 46
35 47
35 49
35 50
35 51
35 52
35 54
35 56
35 58
35 59
35 60
35 61
35 62
36 37
36 38
36 39
36 40
36 41
36 43
36 44
36 45
36 48
36 49
36 50
36 54
36 55
36 56
36 57
36 58
36 59
36 60
36 61
36 62
37 38
37 44
37 45
37 46
37 50
37 51
37 52
37 54
37 55
37 56
37 57
37 58
37 59
37 62
38 39
38 40
38 42
38 44
38 45
38 46
38 47
38 48
38 51
38 52
38 53
38 54
38 55
38 58
38 60
38 61
39 40
39 41
39 43
39 44
39 45
39 46
39 47
39 49
39 50
39 51
39 53
39 54
39 56
39 58
39 61
39 62
40 41
40 43
40 45
40 48
40 49
40 50
40 51
40 52
40 53
40 56
40 57
40 58
40 59
40 60
40 61
40 62
41 42
41 43
41 47
41 48
41 50
41 51
41 53
41 54
41 55
41 56
41 58
41 59
41 60
41 61
41 62
42 43
42 44
42 45
42 46
42 47
42 48
42 52
42 53
42 54
42 58
42 60
42 61
42 62
43 45
43 46
43 47
43 48
43 49
43 52
43 53
43 54
43 55
43 57
43 58
43 61
43 62
44 46
44 49
44 50
44 52
44 53
44 54
44 56
44 57
44 58
44 59
44 61
45 47
45 48
45 50
45 53
45 54
45 55
45 56
45 57
45 58
45 59
45 62
46 47
46 48
46 49
46 50
46 51
46 53
46 54
46 55
46 56
46 57
46 58
46 59
46 61
46 62
47 50
47 51
47 53
47 54
47 55
47 56
47 57
47 58
47 59
47 60
47 61
48 49
48 50
48 51
48 52
48 53
48 54
48 55
48 58
48 60
48 61
48 62
49 51
49 52
49 53
49 54
49 55
49 56
49 58
50 52
50 53
50 54
50 56
50 57
50 60
50 62
51 53
51 55
51 56
51 57
51 59
51 61
52 53
52 55
52 56
52 57
52 58
52 60
52 61
52 62
53 54
53 55
53 56
53 58
53 59
53 61
54 57
54 58
54 59
54 61
54 62
55 56
55 57
55 58
55 61
55 62
56 57
56 58
56 59
56 60
56 61
56 62
57 58
57 59
57 61
58 59
58 60
58 62
59 61
60 61
61 62
