36 421
1 2
1 3
1 5
1 6
1 7
1 8
1 10
1 11
1 12
1 13
1 15
1 16
1 17
1 18
1 19
1 23
1 24
1 26
1 27
1 28
1 29
1 31
1 32
1 33
1 34
2 3
2 6
2 8
2 9
2 10
2 11
2 12
2 13
2 14
2 15
2 16
2 17
2 18
2 19
2 20
2 21
2 22
2 23
2 26
2 27
2 28
2 33
2 35
2 36
3 5
3 8
3 9
3 11
3 12
3 15
3 17
3 18
3 19
3 23
3 24
3 25
3 27
3 28
3 30
3 33
3 34
3 35
3 36
4 5
4 6
4 8
4 9
4 10
4 13
4 14
4 17
4 18
4 19
4 20
4 22
4 25
4 27
4 28
4 29
4 30
4 31
4 33
4 34
4 35
4 36
5 6
5 7
5 8
5 9
5 12
5 13
5 14
5 15
5 17
5 19
5 21
5 22
5 24
5 26
5 28
5 29
5 30
5 31
5 34
5 35
5 36
6 9
6 10
6 12
6 16
6 17
6 18
6 20
6 21
6 22
6 24
6 25
6 26
6 27
6 28
6 29
6 30
6 31
6 32
6 33
6 36
7 9
7 10
7 11
7 13
7 16
7 17
7 19
7 20
7 22
7 24
7 25
7 26
7 27
7 28
7 29
7 30
7 31
7 32
7 34
7 36
8 10
8 14
8 16
8 18
8 19
8 20
8 21
8 24
8 25
8 27
8 29
8 30
8 31
8 32
8 33
8 34
8 35
9 10
9 11
9 14
9 15
9 16
9 17
9 18
9 20
9 21
9 22
9 23
9 24
9 25
9 27
9 28
9 30
9 32
9 33
9 34
9 35
9 36
10 11
10 12
10 13
10 14
10 16
10 17
10 18
10 19
10 22
10 23
10 24
10 26
10 27
10 30
10 35
10 36
11 12
11 13
11 14
11 16
11 17
11 19
11 21
11 22
11 24
11 25
11 26
11 27
11 28
11 29
11 30
11 31
11 32
11 33
11 34
11 35
11 36
12 13
12 18
12 20
12 21
12 22
12 24
12 25
12 26
12 27
12 28
12 31
12 32
12 33
12 34
12 35
12 36
13 15
13 16
13 17
13 19
13 22
13 25
13 26
13 27
13 28
13 31
13 32
13 33
13 35
13 36
14 15
14 16
14 17
14 19
14 21
14 22
14 23
14 24
14 25
14 26
14 28
14 29
14 31
14 32
14 33
14 35
14 36
15 16
15 18
15 22
15 24
15 26
15 28
15 29
15 30
15 31
15 32
15 33
15 34
16 17
16 18
16 20
16 22
16 24
16 25
16 26
16 29
16 30
16 32
16 33
16 35
16 36
17 19
17 22
17 23
17 24
17 26
17 27
17 28
17 29
17 31
17 33
17 35
17 36
18 19
18 20
18 21
18 23
18 26
18 27
18 28
18 30
18 32
18 36
19 20
19 23
19 24
19 25
19 27
19 28
19 31
19 32
20 21
20 22
20 23
20 25
20 26
20 27
20 28
20 29
20 31
20 34
21 22
21 23
21 24
21 25
21 26
21 27
21 28
21 31
21 32
21 35
22 23
22 24
22 26
22 27
22 28
22 29
22 30
22 31
22 32
22 33
22 34
22 36
23 24
23 27
23 30
23 32
23 33
23 34
23 36
24 25
24 26
24 27
24 28
24 32
24 33
24 34
24 35
24 36
25 28
25 29
25 30
25 31
25 32
25 34
25 36
26 27
26 28
26 31
26 32
26 33
26 34
26 35
26 36
27 29
27 30
27 34
27 35
27 36
28 29
28 30
28 32
28 33
28 34
28 36
29 30
29 32
29 33
29 34
29 35
29 36
30 31
30 32
30 33
30 34
30 35
30 36
31 33
31 34
31 35
32 34
32 35
33 34
34 35
