49 825
1 4
1 5
1 6
1 7
1 8
1 9
1 12
1 14
1 15
1 16
1 19
1 22
1 24
1 26
1 27
1 30
1 31
1 32
1 33
1 34
1 35
1 37
1 39
1 40
1 41
1 43
1 44
1 45
1 46
1 47
1 48
1 49
2 3
2 4
2 6
2 7
2 8
2 9
2 10
2 13
2 14
2 15
2 17
2 19
2 20
2 22
2 25
2 26
2 29
2 30
2 31
2 36
2 38
2 40
2 41
2 42
2 43
2 44
2 45
2 46
2 47
2 48
3 4
3 7
3 8
3 9
3 10
3 11
3 12
3 13
3 15
3 17
3 18
3 19
3 20
3 21
3 22
3 23
3 24
3 26
3 27
3 28
3 29
3 30
3 31
3 33
3 34
3 35
3 39
3 40
3 41
3 43
3 45
3 46
4 6
4 7
4 8
4 9
4 11
4 12
4 13
4 14
4 15
4 16
4 17
4 18
4 22
4 23
4 24
4 28
4 29
4 32
4 33
4 38
4 39
4 40
4 41
4 42
4 43
4 45
4 46
4 47
4 48
4 49
5 6
5 8
5 10
5 11
5 12
5 13
5 14
5 15
5 16
5 20
5 22
5 23
5 25
5 26
5 27
5 28
5 30
5 32
5 33
5 35
5 36
5 37
5 38
5 39
5 40
5 41
5 42
5 44
5 45
5 46
5 47
5 48
5 49
6 9
6 10
6 12
6 13
6 15
6 16
6 17
6 19
6 22
6 23
6 24
6 25
6 27
6 29
6 30
6 31
6 34
6 35
6 36
6 37
6 38
6 40
6 41
6 42
6 43
6 45
6 46
6 48
6 49
7 8
7 9
7 10
7 16
7 17
7 19
7 21
7 23
7 24
7 25
7 26
7 28
7 29
7 30
7 31
7 32
7 37
7 38
7 39
7 40
7 42
7 45
7 46
7 48
8 10
8 11
8 12
8 14
8 15
8 19
8 20
8 21
8 22
8 23
8 24
8 25
8 28
8 29
8 30
8 31
8 34
8 35
8 36
8 38
8 39
8 40
8 41
8 42
8 47
8 49
9 10
9 11
9 13
9 14
9 15
9 16
9 18
9 19
9 20
9 21
9 24
9 28
9 30
9 31
9 33
9 36
9 38
9 41
9 42
9 43
9 44
9 46
9 47
9 48
9 49
10 11
10 12
10 14
10 15
10 16
10 17
10 19
10 20
10 21
10 24
10 25
10 30
10 31
10 32
10 33
10 34
10 35
10 36
10 38
10 40
10 44
10 45
10 46
10 47
10 48
10 49
11 12
11 15
11 16
11 17
11 18
11 19
11 21
11 23
11 26
11 27
11 30
11 31
11 32
11 33
11 34
11 35
11 37
11 39
11 40
11 41
11 43
11 44
11 45
11 46
11 47
11 48
11 49
12 14
12 15
12 16
12 17
12 18
12 19
12 21
12 22
12 24
12 25
12 26
12 28
12 31
12 32
12 33
12 34
12 35
12 36
12 38
12 39
12 42
12 43
12 45
12 47
12 49
13 14
13 15
13 16
13 17
13 18
13 19
13 20
13 21
13 22
13 23
13 24
13 25
13 26
13 28
13 29
13 30
13 34
13 37
13 38
13 40
13 41
13 42
13 43
13 44
13 45
13 47
14 16
14 18
14 20
14 22
14 23
14 24
14 26
14 28
14 29
14 30
14 33
14 34
14 36
14 37
14 39
14 40
14 41
14 42
14 43
14 44
14 45
14 46
14 47
14 48
15 16
15 17
15 18
15 20
15 21
15 22
15 23
15 24
15 27
15 29
15 30
15 32
15 34
15 35
15 36
15 40
15 41
15 42
15 43
15 48
15 49
16 17
16 20
16 21
16 22
16 23
16 24
16 25
16 27
16 28
16 29
16 30
16 31
16 32
16 34
16 35
16 36
16 37
16 38
16 40
16 41
16 42
16 43
16 44
16 45
16 46
16 48
16 49
17 18
17 20
17 21
17 22
17 23
17 25
17 28
17 29
17 31
17 32
17 34
17 36
17 38
17 39
17 40
17 41
17 42
17 43
17 44
17 45
17 47
17 49
18 20
18 21
18 23
18 24
18 26
18 27
18 28
18 29
18 30
18 31
18 32
18 33
18 34
18 35
18 36
18 37
18 39
18 40
18 41
18 42
18 43
18 45
18 47
18 49
19 20
19 21
19 22
19 23
19 24
19 25
19 26
19 27
19 28
19 29
19 30
19 31
19 32
19 34
19 35
19 38
19 40
19 41
19 42
19 43
19 44
19 45
19 46
19 47
19 48
19 49
20 21
20 22
20 23
20 24
20 25
20 26
20 27
20 28
20 29
20 30
20 31
20 32
20 35
20 36
20 37
20 38
20 39
20 40
20 41
20 42
20 43
20 44
20 45
20 47
20 48
20 49
21 22
21 23
21 24
21 25
21 26
21 28
21 29
21 30
21 31
21 32
21 33
21 34
21 35
21 36
21 37
21 38
21 41
21 42
21 45
21 46
21 47
21 48
21 49
22 24
22 25
22 26
22 27
22 28
22 31
22 32
22 34
22 35
22 36
22 37
22 38
22 39
22 40
22 44
22 45
22 49
23 24
23 25
23 26
23 27
23 29
23 30
23 32
23 33
23 34
23 36
23 39
23 40
23 41
23 42
23 43
23 47
23 48
23 49
24 25
24 26
24 28
24 29
24 30
24 32
24 33
24 34
24 36
24 38
24 39
24 41
24 45
24 46
24 49
25 26
25 27
25 28
25 29
25 30
25 32
25 33
25 35
25 36
25 37
25 39
25 42
25 43
25 44
25 45
25 46
25 47
25 48
25 49
26 27
26 29
26 30
26 32
26 33
26 35
26 37
26 38
26 40
26 41
26 42
26 43
26 44
26 45
26 48
26 49
27 29
27 31
27 32
27 34
27 35
27 38
27 39
27 40
27 41
27 42
27 43
27 44
27 45
27 46
27 48
27 49
28 29
28 30
28 31
28 32
28 33
28 34
28 37
28 39
28 40
28 45
28 46
28 47
28 48
28 49
29 30
29 33
29 34
29 35
29 38
29 39
29 40
29 41
29 42
29 43
29 46
29 47
29 49
30 31
30 32
30 33
30 35
30 36
30 37
30 38
30 40
30 41
30 42
30 43
30 44
30 45
30 46
30 47
30 48
31 32
31 33
31 34
31 36
31 37
31 38
31 39
31 40
31 41
31 43
31 46
31 47
31 49
32 33
32 35
32 36
32 37
32 40
32 41
32 44
32 46
32 47
32 48
32 49
33 34
33 37
33 38
33 39
33 40
33 41
33 42
33 43
33 44
33 47
33 48
33 49
34 35
34 36
34 37
34 38
34 39
34 40
34 42
34 44
34 45
34 47
34 49
35 37
35 38
35 40
35 41
35 43
35 44
35 45
35 46
35 47
35 48
35 49
36 37
36 38
36 39
36 40
36 41
36 42
36 44
36 45
37 38
37 39
37 40
37 42
37 43
37 44
37 45
37 46
37 47
37 48
38 39
38 40
38 41
38 42
38 43
38 44
38 45
38 46
38 47
38 49
39 40
39 42
39 43
39 44
39 47
39 49
40 41
40 43
40 44
40 45
40 46
40 47
40 48
40 49
41 44
41 45
41 46
41 48
42 43
42 44
42 45
42 46
42 47
43 45
43 46
43 48
43 49
44 47
44 48
44 49
45 46
45 47
45 49
46 48
46 49
47 48
48 49
