42 593
1 2
1 3
1 4
1 7
1 8
1 9
1 10
1 11
1 12
1 13
1 15
1 16
1 17
1 18
1 19
1 21
1 22
1 24
1 25
1 26
1 27
1 28
1 30
1 31
1 32
1 33
1 34
1 36
1 37
1 38
1 39
1 40
1 42
2 3
2 4
2 5
2 7
2 12
2 13
2 14
2 15
2 16
2 17
2 18
2 19
2 21
2 23
2 25
2 28
2 29
2 36
2 37
2 38
2 39
2 41
2 42
3 4
3 5
3 7
3 8
3 10
3 11
3 12
3 14
3 15
3 19
3 20
3 21
3 24
3 26
3 27
3 28
3 29
3 30
3 31
3 33
3 35
3 36
3 39
3 41
3 42
4 6
4 7
4 8
4 9
4 10
4 11
4 12
4 13
4 14
4 16
4 17
4 18
4 20
4 21
4 23
4 24
4 25
4 27
4 28
4 30
4 32
4 33
4 35
4 36
4 38
4 39
4 41
4 42
5 6
5 7
5 8
5 9
5 10
5 11
5 12
5 13
5 14
5 15
5 18
5 19
5 20
5 22
5 23
5 24
5 26
5 27
5 28
5 29
5 32
5 33
5 34
5 35
5 36
5 37
5 38
5 39
5 40
5 42
6 7
6 8
6 9
6 10
6 12
6 14
6 15
6 17
6 18
6 20
6 22
6 23
6 24
6 26
6 27
6 28
6 29
6 32
6 34
6 35
6 36
6 37
6 39
6 40
6 42
7 8
7 9
7 10
7 11
7 13
7 15
7 16
7 17
7 18
7 19
7 21
7 25
7 26
7 31
7 32
7 34
7 35
7 36
7 37
7 38
7 39
7 40
8 10
8 13
8 14
8 15
8 16
8 18
8 19
8 21
8 22
8 24
8 25
8 26
8 27
8 30
8 32
8 33
8 34
8 35
8 36
8 37
8 38
8 39
8 40
8 42
9 10
9 16
9 17
9 18
9 19
9 20
9 21
9 23
9 24
9 27
9 28
9 29
9 30
9 31
9 32
9 33
9 34
9 35
9 36
9 37
9 38
9 39
9 42
10 14
10 16
10 17
10 19
10 21
10 23
10 24
10 25
10 26
10 27
10 29
10 30
10 32
10 33
10 34
10 38
10 39
10 40
11 13
11 14
11 16
11 18
11 21
11 22
11 23
11 26
11 27
11 28
11 29
11 30
11 32
11 35
11 36
11 37
11 39
11 40
11 42
12 14
12 15
12 19
12 20
12 21
12 22
12 23
12 25
12 26
12 27
12 28
12 29
12 30
12 31
12 35
12 37
12 38
12 39
12 40
12 41
12 42
13 14
13 15
13 16
13 17
13 18
13 19
13 20
13 21
13 22
13 23
13 24
13 25
13 26
13 27
13 28
13 29
13 30
13 32
13 33
13 36
13 37
13 38
13 40
13 41
14 15
14 16
14 17
14 19
14 20
14 22
14 23
14 25
14 30
14 32
14 36
14 40
14 41
14 42
15 16
15 18
15 19
15 21
15 24
15 25
15 26
15 27
15 28
15 29
15 30
15 31
15 32
15 33
15 34
15 35
15 36
15 37
15 38
15 41
15 42
16 17
16 18
16 19
16 20
16 23
16 24
16 25
16 26
16 27
16 29
16 30
16 31
16 32
16 35
16 36
16 37
16 40
16 42
17 18
17 19
17 20
17 21
17 23
17 25
17 27
17 28
17 29
17 30
17 32
17 33
17 34
17 37
17 39
17 40
17 42
18 20
18 21
18 23
18 25
18 26
18 28
18 29
18 30
18 31
18 32
18 35
18 37
18 38
18 39
18 40
18 41
19 20
19 22
19 23
19 24
19 25
19 26
19 27
19 29
19 32
19 33
19 34
19 35
19 38
19 39
19 40
19 41
19 42
20 21
20 23
20 24
20 25
20 26
20 27
20 30
20 31
20 32
20 33
20 35
20 37
20 38
20 39
20 40
20 42
21 22
21 23
21 24
21 25
21 28
21 30
21 31
21 34
21 35
21 36
21 37
21 38
21 42
22 26
22 27
22 28
22 30
22 32
22 33
22 34
22 35
22 36
22 37
22 39
22 42
23 24
23 25
23 26
23 27
23 28
23 30
23 33
23 35
23 36
23 38
23 39
23 41
24 25
24 26
24 27
24 28
24 32
24 35
24 36
24 38
24 40
24 41
24 42
25 26
25 27
25 28
25 29
25 30
25 31
25 34
25 35
25 36
25 37
25 38
25 40
25 41
25 42
26 27
26 29
26 31
26 33
26 36
26 38
26 39
26 40
26 41
26 42
27 28
27 29
27 30
27 31
27 32
27 33
27 35
27 36
27 37
27 38
27 39
27 42
28 29
28 32
28 34
28 36
28 37
28 38
28 40
29 30
29 32
29 33
29 34
29 36
29 37
29 38
29 41
29 42
30 32
30 33
30 34
30 35
30 36
30 38
30 39
30 40
30 42
31 32
31 34
31 35
31 36
31 37
31 38
31 41
32 33
32 34
32 35
32 36
32 37
32 38
32 39
32 41
32 42
33 34
33 35
33 36
33 37
33 38
33 39
34 35
34 36
34 37
34 38
34 39
34 40
34 41
34 42
35 36
35 37
35 42
36 37
36 38
36 39
36 41
36 42
37 38
37 39
37 41
37 42
38 39
38 40
38 41
38 42
39 41
39 42
40 42
41 42
